TimeStamp	POS_X	POS_Y	POS_Z	Q_W	Q_X	Q_Y	Q_Z	ImageFile
1683165961217	-2.136628	8.260583	-0.126148	0.255878	-0.011461	-0.025729	-0.966299	img__0_1683165981417831000.png
1683165961283	-2.239088	8.198191	-0.131866	0.264027	-0.009291	-0.024428	-0.964161	img__0_1683165981483241000.png
1683165961334	-2.318375	8.148431	-0.137140	0.270094	-0.008924	-0.023804	-0.962498	img__0_1683165981532071000.png
1683165961388	-2.402401	8.094254	-0.144847	0.276278	-0.009935	-0.023827	-0.960731	img__0_1683165981586412000.png
1683165961430	-2.467827	8.051152	-0.150390	0.280892	-0.011334	-0.024194	-0.959368	img__0_1683165981628915000.png
1683165961478	-2.542730	8.000785	-0.156956	0.286101	-0.011635	-0.025220	-0.957797	img__0_1683165981676254000.png
1683165961532	-2.627168	7.942666	-0.164347	0.291814	-0.012604	-0.025794	-0.956044	img__0_1683165981732262000.png
1683165961574	-2.692976	7.896358	-0.170412	0.296177	-0.012170	-0.025720	-0.954709	img__0_1683165981773263000.png
1683165961646	-2.806061	7.814668	-0.181972	0.303440	-0.013118	-0.026528	-0.952391	img__0_1683165981844179000.png
1683165961691	-2.876932	7.762049	-0.190767	0.307920	-0.013608	-0.026535	-0.950945	img__0_1683165981891916000.png
1683165961736	-2.947962	7.708252	-0.200179	0.312250	-0.014133	-0.025660	-0.949548	img__0_1683165981935443000.png
1683165961787	-3.028672	7.645905	-0.211511	0.316933	-0.012487	-0.023679	-0.948070	img__0_1683165981987365000.png
1683165961832	-3.100018	7.589848	-0.220562	0.320923	-0.009912	-0.022506	-0.946786	img__0_1683165982032725000.png
1683165961880	-3.176173	7.529019	-0.230113	0.325005	-0.007371	-0.020902	-0.945453	img__0_1683165982079353000.png
1683165961946	-3.280785	7.443812	-0.243408	0.330506	-0.001718	-0.019285	-0.943605	img__0_1683165982145786000.png
1683165961994	-3.356586	7.380833	-0.253671	0.334432	0.001558	-0.018945	-0.942228	img__0_1683165982195127000.png
1683165962042	-3.431985	7.317088	-0.264607	0.338384	0.005410	-0.018075	-0.940819	img__0_1683165982242454000.png
1683165962090	-3.506823	7.252657	-0.276440	0.342363	0.009339	-0.017735	-0.939354	img__0_1683165982290874000.png
1683165962141	-3.585555	7.183564	-0.289368	0.346650	0.011960	-0.017851	-0.937749	img__0_1683165982341210000.png
1683165962189	-3.658850	7.118026	-0.300239	0.350733	0.014559	-0.016358	-0.936219	img__0_1683165982389354000.png
1683165962252	-3.753779	7.031434	-0.311085	0.355999	0.017190	-0.015082	-0.934207	img__0_1683165982453250000.png
1683165962300	-3.824958	6.965093	-0.319128	0.359873	0.019193	-0.011181	-0.932737	img__0_1683165982500656000.png
1683165962348	-3.895050	6.898605	-0.328453	0.363358	0.020005	-0.007510	-0.931405	img__0_1683165982548662000.png
1683165962402	-3.972691	6.823860	-0.338024	0.367040	0.026190	-0.004933	-0.929823	img__0_1683165982603018000.png
1683165962450	-4.040504	6.757674	-0.345093	0.370175	0.029482	-0.001215	-0.928493	img__0_1683165982650620000.png
1683165962492	-4.098834	6.700124	-0.350352	0.372710	0.032256	0.003676	-0.927380	img__0_1683165982692402000.png
1683165962561	-4.192196	6.607047	-0.363384	0.375935	0.036778	0.014308	-0.925806	img__0_1683165982759659000.png
1683165962612	-4.259073	6.540132	-0.379066	0.377479	0.038752	0.018111	-0.925030	img__0_1683165982810458000.png
1683165962657	-4.316607	6.482652	-0.396374	0.378381	0.039952	0.021361	-0.924540	img__0_1683165982857081000.png
1683165962705	-4.376646	6.422915	-0.415287	0.378895	0.040728	0.022935	-0.924258	img__0_1683165982904652000.png
1683165962753	-4.435298	6.364963	-0.435021	0.378996	0.041929	0.030177	-0.923955	img__0_1683165982951795000.png
1683165962801	-4.492551	6.309176	-0.456860	0.378523	0.043373	0.035482	-0.923894	img__0_1683165983001068000.png
1683165962852	-4.551856	6.252656	-0.482723	0.377580	0.049239	0.042664	-0.923682	img__0_1683165983052078000.png
1683165962912	-4.619778	6.189750	-0.511482	0.376346	0.052476	0.045269	-0.923883	img__0_1683165983111958000.png
1683165962963	-4.676042	6.139098	-0.530901	0.375545	0.052678	0.038460	-0.924506	img__0_1683165983162092000.png
1683165963011	-4.728014	6.093001	-0.539869	0.375625	0.045402	0.022554	-0.925384	img__0_1683165983211854000.png
1683165963059	-4.778866	6.048145	-0.542307	0.376344	0.042231	0.010108	-0.925462	img__0_1683165983260246000.png
1683165963107	-4.828138	6.004433	-0.543952	0.377726	0.040632	-0.001944	-0.925024	img__0_1683165983307553000.png
1683165963158	-4.878414	5.958748	-0.547714	0.380155	0.035609	-0.012462	-0.924153	img__0_1683165983357341000.png
1683165963221	-4.937948	5.902495	-0.552265	0.384146	0.018295	-0.020748	-0.922858	img__0_1683165983421732000.png
1683165963278	-4.990161	5.850957	-0.554555	0.388402	0.006098	-0.028145	-0.921040	img__0_1683165983479163000.png
1683165963320	-5.027906	5.812086	-0.556236	0.392070	-0.001799	-0.034482	-0.919287	img__0_1683165983520682000.png
1683165963368	-5.070578	5.766450	-0.555945	0.396523	-0.012991	-0.040814	-0.917025	img__0_1683165983567618000.png
1683165963416	-5.113033	5.719059	-0.554137	0.401427	-0.020610	-0.045186	-0.914544	img__0_1683165983615384000.png
1683165963464	-5.155478	5.669614	-0.550835	0.406811	-0.024978	-0.048334	-0.911891	img__0_1683165983664224000.png
1683165963512	-5.198037	5.617820	-0.546704	0.412555	-0.028768	-0.051626	-0.909013	img__0_1683165983713076000.png
1683165963563	-5.243469	5.559886	-0.542503	0.419155	-0.029988	-0.052688	-0.905888	img__0_1683165983762519000.png
1683165963632	-5.305274	5.476565	-0.537504	0.429012	-0.027544	-0.052929	-0.901326	img__0_1683165983832745000.png
1683165963680	-5.348376	5.415440	-0.533074	0.436139	-0.027417	-0.054755	-0.897794	img__0_1683165983880017000.png
1683165963728	-5.391499	5.351594	-0.528516	0.443775	-0.024052	-0.053151	-0.894237	img__0_1683165983928701000.png
1683165963776	-5.434538	5.285220	-0.522974	0.451256	-0.025199	-0.052469	-0.890495	img__0_1683165983975044000.png
1683165963824	-5.477485	5.216267	-0.517169	0.458832	-0.025034	-0.052033	-0.886645	img__0_1683165984023142000.png
1683165963881	-5.528344	5.130983	-0.510720	0.467905	-0.023824	-0.051014	-0.881983	img__0_1683165984080727000.png
1683165963920	-5.563022	5.070621	-0.505933	0.474192	-0.022000	-0.050269	-0.878710	img__0_1683165984120667000.png
1683165963986	-5.621370	4.965084	-0.495457	0.484821	-0.019017	-0.047669	-0.873106	img__0_1683165984185994000.png
1683165964037	-5.666060	4.880656	-0.486521	0.493017	-0.015644	-0.046862	-0.868616	img__0_1683165984237345000.png
1683165964085	-5.707661	4.798900	-0.478839	0.500632	-0.014626	-0.044775	-0.864378	img__0_1683165984284253000.png
1683165964133	-5.748765	4.715058	-0.471582	0.508409	-0.009361	-0.045290	-0.859873	img__0_1683165984333731000.png
1683165964184	-5.791708	4.623820	-0.464275	0.516525	-0.008877	-0.041215	-0.855234	img__0_1683165984383447000.png
1683165964229	-5.828978	4.541717	-0.457030	0.523444	-0.006016	-0.038747	-0.851158	img__0_1683165984430459000.png
1683165964280	-5.870524	4.447098	-0.447158	0.530977	-0.004985	-0.034661	-0.846662	img__0_1683165984480661000.png
1683165964340	-5.918472	4.333899	-0.433677	0.539356	-0.002515	-0.028051	-0.841607	img__0_1683165984540843000.png
1683165964388	-5.956170	4.242168	-0.421165	0.545637	-0.000477	-0.024874	-0.837652	img__0_1683165984588999000.png
1683165964439	-5.995539	4.143707	-0.408006	0.551994	0.001258	-0.022602	-0.833541	img__0_1683165984638569000.png
1683165964487	-6.031925	4.050227	-0.396191	0.557698	0.002879	-0.019389	-0.829812	img__0_1683165984686983000.png
1683165964538	-6.069900	3.950236	-0.384022	0.563358	0.003801	-0.015430	-0.826060	img__0_1683165984737142000.png
1683165964583	-6.102863	3.861582	-0.374018	0.567920	0.003712	-0.012115	-0.822987	img__0_1683165984783801000.png
1683165964649	-6.150425	3.731083	-0.360902	0.573858	0.004276	-0.007665	-0.818908	img__0_1683165984848840000.png
1683165964700	-6.186667	3.630071	-0.350624	0.577906	0.005677	-0.005065	-0.816068	img__0_1683165984898905000.png
1683165964748	-6.220412	3.535019	-0.340577	0.581389	0.006951	-0.003229	-0.813590	img__0_1683165984948102000.png
1683165964796	-6.253794	3.440085	-0.330744	0.584568	0.007769	-0.001597	-0.811306	img__0_1683165984994907000.png
1683165964844	-6.286816	3.345357	-0.321754	0.587426	0.007268	-0.000279	-0.809245	img__0_1683165985044721000.png
1683165964892	-6.319524	3.250879	-0.313352	0.589987	0.007514	0.000571	-0.807378	img__0_1683165985091584000.png
1683165964964	-6.368103	3.109681	-0.300327	0.593340	0.007320	0.002352	-0.804915	img__0_1683165985164721000.png
1683165965006	-6.396214	3.027645	-0.291818	0.595082	0.008433	0.003807	-0.803612	img__0_1683165985205080000.png
1683165965054	-6.428135	2.934284	-0.281714	0.596874	0.009454	0.005984	-0.802257	img__0_1683165985255472000.png
1683165965105	-6.461839	2.835674	-0.271236	0.598427	0.009883	0.008800	-0.801068	img__0_1683165985304623000.png
1683165965153	-6.493419	2.743482	-0.259821	0.599695	0.011630	0.009870	-0.800083	img__0_1683165985352679000.png
1683165965201	-6.524827	2.652017	-0.248521	0.600840	0.012519	0.010234	-0.799206	img__0_1683165985399986000.png
1683165965252	-6.557986	2.555683	-0.236868	0.601923	0.012900	0.010696	-0.798378	img__0_1683165985451154000.png
1683165965297	-6.587060	2.471460	-0.227630	0.602675	0.012760	0.012070	-0.797794	img__0_1683165985498921000.png
1683165965363	-6.629484	2.349308	-0.214439	0.603285	0.013029	0.015495	-0.797269	img__0_1683165985564599000.png
1683165965411	-6.660252	2.261623	-0.205279	0.603325	0.012410	0.018708	-0.797180	img__0_1683165985610874000.png
1683165965459	-6.691055	2.175014	-0.196624	0.602978	0.011738	0.020730	-0.797402	img__0_1683165985659508000.png
1683165965510	-6.723919	2.084229	-0.187683	0.602231	0.011333	0.022834	-0.797915	img__0_1683165985710124000.png
1683165965558	-6.755057	2.000020	-0.179713	0.601187	0.010356	0.024361	-0.798670	img__0_1683165985757108000.png
1683165965606	-6.786464	1.917031	-0.171891	0.599804	0.010178	0.025911	-0.799662	img__0_1683165985806473000.png
1683165965654	-6.818183	1.835281	-0.163681	0.598147	0.010444	0.027492	-0.800847	img__0_1683165985854312000.png
1683165965720	-6.862299	1.724879	-0.149910	0.595694	0.011703	0.026362	-0.802693	img__0_1683165985919120000.png
1683165965768	-6.894692	1.646058	-0.138238	0.593841	0.012577	0.025558	-0.804078	img__0_1683165985967148000.png
1683165965816	-6.927300	1.568536	-0.126379	0.591975	0.012637	0.024103	-0.805497	img__0_1683165986017984000.png
1683165965867	-6.962142	1.487561	-0.114075	0.589949	0.011681	0.022330	-0.807047	img__0_1683165986066961000.png
1683165965915	-6.995090	1.412529	-0.101788	0.587995	0.011800	0.021116	-0.808503	img__0_1683165986115010000.png
1683165965963	-7.028177	1.338678	-0.090345	0.585833	0.010604	0.023220	-0.810030	img__0_1683165986164781000.png
1683165966026	-7.071958	1.243615	-0.076883	0.582467	0.010110	0.026249	-0.812367	img__0_1683165986227174000.png
1683165966080	-7.109884	1.163815	-0.064548	0.579173	0.010140	0.028457	-0.814645	img__0_1683165986280515000.png
1683165966122	-7.139692	1.102928	-0.055044	0.576327	0.009618	0.030406	-0.816596	img__0_1683165986323752000.png
1683165966173	-7.176353	1.030534	-0.045065	0.572514	0.007405	0.031471	-0.819257	img__0_1683165986374120000.png
1683165966218	-7.209247	0.968140	-0.039157	0.568876	0.005052	0.029717	-0.821871	img__0_1683165986419384000.png
1683165966269	-7.247170	0.898895	-0.034346	0.564556	0.004429	0.026823	-0.824947	img__0_1683165986468765000.png
1683165966317	-7.283354	0.834835	-0.027898	0.560263	0.005746	0.027313	-0.827844	img__0_1683165986519017000.png
1683165966383	-7.333895	0.748951	-0.021118	0.553521	0.011236	0.035889	-0.831985	img__0_1683165986584043000.png
1683165966431	-7.371276	0.688708	-0.020771	0.547960	0.014266	0.042267	-0.835314	img__0_1683165986630599000.png
1683165966485	-7.414054	0.623702	-0.025242	0.540999	0.014963	0.049329	-0.839442	img__0_1683165986686615000.png
1683165966527	-7.447880	0.575210	-0.029735	0.534814	0.019236	0.055145	-0.842949	img__0_1683165986727168000.png
1683165966575	-7.487113	0.522290	-0.035589	0.527613	0.020964	0.058022	-0.847242	img__0_1683165986777216000.png
1683165966623	-7.526838	0.471709	-0.038147	0.520460	0.019349	0.056574	-0.851790	img__0_1683165986823592000.png
1683165966692	-7.585001	0.403600	-0.042755	0.509914	0.015747	0.045119	-0.858897	img__0_1683165986892648000.png
1683165966737	-7.623484	0.361612	-0.045654	0.503088	0.018360	0.034035	-0.863369	img__0_1683165986937645000.png
1683165966788	-7.667150	0.315666	-0.045623	0.496067	0.023062	0.017565	-0.867800	img__0_1683165986989412000.png
1683165966839	-7.710279	0.271122	-0.045310	0.490293	0.025845	-0.000771	-0.871174	img__0_1683165987041170000.png
1683165966884	-7.747368	0.232492	-0.046650	0.486445	0.023042	-0.008958	-0.873362	img__0_1683165987085083000.png
1683165966932	-7.785904	0.191450	-0.046483	0.482916	0.018755	-0.017245	-0.875296	img__0_1683165987133283000.png
1683165967001	-7.839296	0.131891	-0.046855	0.479597	0.012445	-0.028941	-0.876923	img__0_1683165987200823000.png
1683165967046	-7.872675	0.092082	-0.051031	0.478808	0.008196	-0.031758	-0.877307	img__0_1683165987247708000.png
1683165967097	-7.909389	0.045832	-0.055781	0.479033	0.006596	-0.038045	-0.876947	img__0_1683165987298110000.png
1683165967142	-7.940804	0.003824	-0.059332	0.480114	0.003562	-0.040218	-0.876277	img__0_1683165987342622000.png
1683165967199	-7.979384	-0.051158	-0.061735	0.482437	0.000222	-0.045177	-0.874765	img__0_1683165987398279000.png
1683165967238	-8.005006	-0.090098	-0.062232	0.484691	-0.001014	-0.048898	-0.873317	img__0_1683165987440176000.png
1683165967286	-8.035534	-0.139858	-0.063633	0.488545	-0.000377	-0.054177	-0.870855	img__0_1683165987487606000.png
1683165967352	-8.075873	-0.211322	-0.061595	0.494094	-0.004656	-0.051421	-0.867874	img__0_1683165987553659000.png
1683165967403	-8.105907	-0.268975	-0.057031	0.498843	-0.004166	-0.051695	-0.865139	img__0_1683165987604322000.png
1683165967448	-8.131521	-0.321706	-0.051777	0.503230	-0.005560	-0.051958	-0.862571	img__0_1683165987650016000.png
1683165967499	-8.159466	-0.383770	-0.046127	0.508565	-0.004988	-0.053504	-0.859345	img__0_1683165987700287000.png
1683165967547	-8.184701	-0.444408	-0.040613	0.513865	-0.004999	-0.052709	-0.856236	img__0_1683165987749058000.png
1683165967598	-8.210423	-0.511059	-0.033493	0.519715	-0.004468	-0.050904	-0.852810	img__0_1683165987798112000.png
1683165967643	-8.232162	-0.571750	-0.026603	0.525033	-0.003557	-0.050876	-0.849552	img__0_1683165987843409000.png
1683165967715	-8.264705	-0.672815	-0.018780	0.534580	0.001597	-0.050848	-0.843585	img__0_1683165987917218000.png
1683165967757	-8.282331	-0.733794	-0.014635	0.540348	0.003017	-0.048177	-0.840056	img__0_1683165987959267000.png
1683165967808	-8.302405	-0.809608	-0.009474	0.547416	0.004543	-0.044897	-0.835643	img__0_1683165988009860000.png
1683165967853	-8.318880	-0.877996	-0.005187	0.553818	0.006171	-0.042555	-0.831527	img__0_1683165988055600000.png
1683165967907	-8.337106	-0.961737	-0.000557	0.561367	0.006605	-0.039170	-0.826613	img__0_1683165988107626000.png
1683165967952	-8.351096	-1.032740	0.003660	0.567634	0.007154	-0.037645	-0.822389	img__0_1683165988153920000.png
1683165968003	-8.365617	-1.114458	0.008531	0.574952	0.008743	-0.035423	-0.817373	img__0_1683165988203862000.png
1683165968054	-8.378719	-1.197391	0.013079	0.582093	0.006829	-0.032528	-0.812443	img__0_1683165988254700000.png
1683165968117	-8.393216	-1.301279	0.019963	0.590650	0.010182	-0.028100	-0.806374	img__0_1683165988317732000.png
1683165968165	-8.402916	-1.381335	0.024178	0.597266	0.014300	-0.022621	-0.801597	img__0_1683165988367268000.png
1683165968216	-8.411882	-1.466882	0.026978	0.604329	0.018470	-0.018652	-0.796302	img__0_1683165988417082000.png
1683165968264	-8.419019	-1.547563	0.027975	0.611179	0.022043	-0.018503	-0.790969	img__0_1683165988464329000.png
1683165968312	-8.424839	-1.628260	0.028530	0.618561	0.026283	-0.019166	-0.785063	img__0_1683165988511870000.png
1683165968360	-8.429106	-1.708870	0.027661	0.626523	0.030841	-0.019968	-0.778537	img__0_1683165988562548000.png
1683165968408	-8.431666	-1.789272	0.026061	0.635022	0.034798	-0.021465	-0.771411	img__0_1683165988609890000.png
1683165968474	-8.432077	-1.899305	0.022757	0.647677	0.041217	-0.021033	-0.760509	img__0_1683165988675170000.png
1683165968528	-8.429648	-1.988682	0.020706	0.658551	0.041404	-0.021496	-0.751088	img__0_1683165988730180000.png
1683165968570	-8.425851	-2.057703	0.017846	0.667189	0.041235	-0.021370	-0.743439	img__0_1683165988770802000.png
1683165968621	-8.419093	-2.140907	0.013809	0.677742	0.041704	-0.019725	-0.733851	img__0_1683165988821951000.png
1683165968669	-8.410648	-2.218531	0.009833	0.687676	0.042614	-0.019193	-0.724511	img__0_1683165988869978000.png
1683165968717	-8.400184	-2.295409	0.005692	0.697590	0.043991	-0.018279	-0.714912	img__0_1683165988919849000.png
1683165968765	-8.387704	-2.371471	0.001566	0.707409	0.044246	-0.020880	-0.705109	img__0_1683165988967111000.png
1683165968831	-8.367133	-2.474766	-0.004018	0.721048	0.044332	-0.023275	-0.691073	img__0_1683165989032554000.png
1683165968882	-8.348481	-2.553595	-0.008194	0.731691	0.044109	-0.022307	-0.679842	img__0_1683165989082448000.png
1683165968927	-8.329977	-2.622367	-0.012565	0.741041	0.044978	-0.020033	-0.669652	img__0_1683165989128344000.png
1683165968975	-8.308226	-2.694803	-0.017697	0.750894	0.044763	-0.017590	-0.658670	img__0_1683165989175504000.png
1683165969023	-8.284487	-2.766184	-0.023406	0.760577	0.043894	-0.014909	-0.647591	img__0_1683165989224698000.png
1683165969071	-8.258916	-2.836436	-0.029552	0.769990	0.041783	-0.010647	-0.636598	img__0_1683165989272994000.png
1683165969125	-8.228266	-2.914039	-0.036732	0.780025	0.039005	-0.005778	-0.624505	img__0_1683165989326264000.png
1683165969188	-8.190372	-3.002542	-0.045981	0.790910	0.036073	-0.003393	-0.610859	img__0_1683165989388808000.png
1683165969239	-8.158244	-3.072603	-0.054024	0.799183	0.033893	-0.003738	-0.600119	img__0_1683165989440028000.png
1683165969284	-8.128905	-3.133317	-0.061345	0.806147	0.031025	-0.003369	-0.590892	img__0_1683165989486275000.png
1683165969338	-8.092594	-3.204927	-0.070136	0.813952	0.027847	-0.003022	-0.580256	img__0_1683165989540614000.png
1683165969383	-8.061522	-3.263653	-0.077291	0.820033	0.025599	-0.002439	-0.571738	img__0_1683165989584461000.png
1683165969434	-8.025532	-3.329247	-0.085013	0.826496	0.023742	-0.001768	-0.562440	img__0_1683165989635747000.png
1683165969497	-7.980057	-3.408932	-0.094191	0.833955	0.022159	-0.001639	-0.551385	img__0_1683165989698608000.png
1683165969542	-7.946938	-3.464978	-0.100564	0.838988	0.021796	-0.001819	-0.543710	img__0_1683165989744679000.png
1683165969593	-7.908780	-3.527647	-0.107538	0.844455	0.021191	-0.002307	-0.535203	img__0_1683165989793781000.png
1683165969644	-7.869960	-3.589438	-0.114451	0.849684	0.020018	-0.003405	-0.526902	img__0_1683165989844701000.png
1683165969692	-7.832794	-3.646840	-0.121557	0.854369	0.018006	-0.005635	-0.519324	img__0_1683165989892960000.png
1683165969740	-7.795001	-3.703631	-0.129098	0.858803	0.015036	-0.006618	-0.512042	img__0_1683165989940233000.png
1683165969788	-7.756612	-3.759954	-0.136589	0.862943	0.012829	-0.007642	-0.505080	img__0_1683165989989994000.png
1683165969839	-7.715185	-3.819406	-0.144698	0.867047	0.010671	-0.008972	-0.498031	img__0_1683165990039478000.png
1683165969905	-7.660599	-3.895926	-0.155404	0.871990	0.009130	-0.009951	-0.489337	img__0_1683165990105645000.png
1683165969959	-7.615153	-3.958297	-0.163047	0.875722	0.007326	-0.010848	-0.482638	img__0_1683165990159996000.png
1683165970004	-7.576744	-4.010191	-0.168763	0.878616	0.006017	-0.011624	-0.477349	img__0_1683165990206805000.png
1683165970052	-7.535221	-4.065527	-0.174775	0.881535	0.005804	-0.011796	-0.471936	img__0_1683165990255078000.png
1683165970100	-7.493118	-4.120860	-0.180913	0.884317	0.005921	-0.011967	-0.466696	img__0_1683165990302552000.png
1683165970151	-7.447741	-4.179639	-0.187589	0.887148	0.006161	-0.011872	-0.461292	img__0_1683165990353333000.png
1683165970196	-7.407166	-4.231482	-0.193030	0.889543	0.006364	-0.011735	-0.456656	img__0_1683165990399289000.png
1683165970247	-7.360572	-4.290195	-0.198733	0.892155	0.006756	-0.011430	-0.451535	img__0_1683165990449865000.png
1683165970298	-7.313321	-4.348839	-0.204532	0.894660	0.006813	-0.011551	-0.446546	img__0_1683165990499666000.png
1683165970361	-7.254031	-4.421169	-0.212214	0.897631	0.007185	-0.011235	-0.440546	img__0_1683165990562263000.png
1683165970409	-7.208193	-4.476176	-0.217876	0.899810	0.007486	-0.010772	-0.436085	img__0_1683165990609438000.png
1683165970454	-7.164676	-4.527635	-0.224194	0.901791	0.008026	-0.010857	-0.431962	img__0_1683165990656696000.png
1683165970502	-7.117663	-4.582382	-0.232260	0.903850	0.008431	-0.010831	-0.427629	img__0_1683165990705105000.png
1683165970556	-7.064090	-4.643780	-0.240986	0.906104	0.008888	-0.010332	-0.422834	img__0_1683165990757012000.png
1683165970625	-6.994645	-4.721892	-0.250020	0.908872	0.009238	-0.009194	-0.416871	img__0_1683165990826660000.png
1683165970667	-6.951856	-4.769219	-0.254481	0.910489	0.009694	-0.008428	-0.413334	img__0_1683165990870304000.png
1683165970724	-6.893176	-4.833116	-0.260249	0.912648	0.011178	-0.007205	-0.408530	img__0_1683165990924335000.png
1683165970766	-6.849494	-4.879884	-0.264754	0.914234	0.012666	-0.006133	-0.404943	img__0_1683165990967991000.png
1683165970814	-6.799149	-4.932926	-0.269490	0.916064	0.014777	-0.004372	-0.400736	img__0_1683165991014665000.png
1683165970862	-6.748362	-4.985395	-0.274933	0.917925	0.017011	-0.002828	-0.396380	img__0_1683165991064425000.png
1683165970910	-6.697165	-5.037179	-0.280816	0.919825	0.018775	-0.001232	-0.391878	img__0_1683165991111341000.png
1683165970979	-6.622930	-5.110174	-0.290579	0.922633	0.020713	0.001532	-0.385120	img__0_1683165991180806000.png
1683165971027	-6.570946	-5.159877	-0.296828	0.924600	0.019959	0.002482	-0.380409	img__0_1683165991228663000.png
1683165971072	-6.522011	-5.205655	-0.302576	0.926390	0.018806	0.003390	-0.376081	img__0_1683165991273274000.png
1683165971120	-6.469658	-5.253629	-0.309003	0.928225	0.018846	0.004860	-0.371509	img__0_1683165991323116000.png
1683165971168	-6.417206	-5.300665	-0.316748	0.930060	0.019253	0.006585	-0.366843	img__0_1683165991371520000.png
1683165971219	-6.361449	-5.349525	-0.327007	0.932010	0.020931	0.009208	-0.361711	img__0_1683165991422441000.png
1683165971282	-6.292658	-5.408166	-0.341377	0.934492	0.025318	0.008952	-0.354970	img__0_1683165991484064000.png
1683165971327	-6.243514	-5.448715	-0.352862	0.936389	0.030363	0.003100	-0.349634	img__0_1683165991530251000.png
1683165971378	-6.187460	-5.493139	-0.367505	0.938682	0.038378	-0.007526	-0.342560	img__0_1683165991579897000.png
1683165971429	-6.130486	-5.535822	-0.382310	0.941402	0.047449	-0.011439	-0.333736	img__0_1683165991630149000.png
1683165971480	-6.072041	-5.576244	-0.399228	0.944357	0.056418	-0.018676	-0.323508	img__0_1683165991682418000.png
1683165971528	-6.015333	-5.612023	-0.416246	0.947530	0.056251	-0.028126	-0.313419	img__0_1683165991729658000.png
1683165971576	-5.956849	-5.645893	-0.431196	0.950677	0.062501	-0.034582	-0.301845	img__0_1683165991777687000.png
1683165971624	-5.896732	-5.678199	-0.439819	0.954464	0.053605	-0.040171	-0.290709	img__0_1683165991826662000.png
1683165971696	-5.802299	-5.723589	-0.448861	0.959368	0.045493	-0.050666	-0.273820	img__0_1683165991896991000.png
1683165971744	-5.736072	-5.752090	-0.453877	0.962435	0.035265	-0.056542	-0.263207	img__0_1683165991946639000.png
1683165971786	-5.675640	-5.776229	-0.459317	0.964760	0.025653	-0.061372	-0.254586	img__0_1683165991988716000.png
1683165971834	-5.603535	-5.803368	-0.467502	0.967049	0.016059	-0.065726	-0.245436	img__0_1683165992035814000.png
1683165971882	-5.528162	-5.830487	-0.477349	0.968993	0.008196	-0.069268	-0.237037	img__0_1683165992082905000.png
1683165971930	-5.449458	-5.857973	-0.488762	0.970675	0.001550	-0.071753	-0.229431	img__0_1683165992131865000.png
1683165971999	-5.330651	-5.898712	-0.506208	0.972733	-0.006730	-0.072991	-0.220038	img__0_1683165992200568000.png
1683165972050	-5.238820	-5.930058	-0.518089	0.974096	-0.011277	-0.071401	-0.214268	img__0_1683165992252774000.png
1683165972095	-5.155217	-5.958699	-0.526622	0.975250	-0.014201	-0.067811	-0.209970	img__0_1683165992296675000.png
1683165972143	-5.063506	-5.990366	-0.534004	0.976274	-0.014641	-0.065633	-0.205833	img__0_1683165992343890000.png
1683165972194	-4.963095	-6.025378	-0.541768	0.977333	-0.015341	-0.061234	-0.202076	img__0_1683165992397164000.png
1683165972242	-4.866103	-6.059520	-0.547824	0.978237	-0.015246	-0.056809	-0.198980	img__0_1683165992444625000.png
1683165972293	-4.760626	-6.097007	-0.552966	0.979068	-0.014777	-0.052551	-0.196075	img__0_1683165992495592000.png
1683165972338	-4.665549	-6.131116	-0.557403	0.979717	-0.014024	-0.048972	-0.193803	img__0_1683165992541149000.png
1683165972392	-4.549150	-6.173238	-0.562732	0.980445	-0.013361	-0.043580	-0.191442	img__0_1683165992594170000.png
1683165972449	-4.423925	-6.218964	-0.567540	0.981066	-0.012616	-0.038948	-0.189295	img__0_1683165992652169000.png
1683165972500	-4.310047	-6.260901	-0.571477	0.981587	-0.012190	-0.033397	-0.187680	img__0_1683165992701981000.png
1683165972548	-4.201541	-6.301168	-0.574485	0.981999	-0.011203	-0.029222	-0.186274	img__0_1683165992751237000.png
1683165972599	-4.085066	-6.344712	-0.576816	0.982393	-0.010884	-0.023861	-0.184974	img__0_1683165992801042000.png
1683165972647	-3.974506	-6.386372	-0.579002	0.982674	-0.010723	-0.020205	-0.183926	img__0_1683165992849030000.png
1683165972695	-3.863196	-6.428658	-0.581664	0.982911	-0.010373	-0.016239	-0.183071	img__0_1683165992896168000.png
1683165972770	-3.688256	-6.495810	-0.584519	0.983183	-0.009852	-0.010528	-0.182054	img__0_1683165992972566000.png
1683165972815	-3.582885	-6.536711	-0.587103	0.983284	-0.009379	-0.008354	-0.181645	img__0_1683165993018548000.png
1683165972866	-3.463234	-6.583556	-0.590595	0.983379	-0.008164	-0.006160	-0.181277	img__0_1683165993069198000.png
1683165972911	-3.357538	-6.625260	-0.593994	0.983446	-0.007435	-0.004713	-0.180985	img__0_1683165993112901000.png
1683165972959	-3.244734	-6.670071	-0.597819	0.983516	-0.005845	-0.002781	-0.180708	img__0_1683165993161215000.png
1683165973007	-3.131935	-6.715133	-0.601359	0.983604	-0.002265	-0.001066	-0.180324	img__0_1683165993208647000.png
1683165973058	-3.012159	-6.763117	-0.604562	0.983711	-0.000998	0.000889	-0.179755	img__0_1683165993260021000.png
1683165973106	-2.899557	-6.808278	-0.607941	0.983819	0.001014	0.001321	-0.179157	img__0_1683165993308970000.png
1683165973154	-2.787102	-6.853357	-0.611987	0.983937	0.002382	0.002697	-0.178479	img__0_1683165993355533000.png
1683165973220	-2.632781	-6.915074	-0.617123	0.984114	0.005048	0.004404	-0.177414	img__0_1683165993421721000.png
1683165973280	-2.492890	-6.970753	-0.620953	0.984291	0.005772	0.006671	-0.176336	img__0_1683165993481350000.png
1683165973325	-2.388289	-7.012183	-0.622321	0.984444	0.009014	0.007722	-0.175295	img__0_1683165993527378000.png
1683165973364	-2.297879	-7.047760	-0.622761	0.984614	0.010484	0.008688	-0.174212	img__0_1683165993567523000.png
1683165973412	-2.186972	-7.091037	-0.623756	0.984840	0.010081	0.010348	-0.172865	img__0_1683165993615970000.png
1683165973463	-2.069646	-7.136405	-0.624729	0.985058	0.010834	0.012554	-0.171426	img__0_1683165993665743000.png
1683165973511	-1.959781	-7.178489	-0.625034	0.985263	0.012459	0.014688	-0.169960	img__0_1683165993714997000.png
1683165973577	-1.809839	-7.235121	-0.627699	0.985574	0.014954	0.017914	-0.167628	img__0_1683165993779924000.png
1683165973625	-1.701720	-7.275309	-0.630677	0.985805	0.015087	0.022593	-0.165684	img__0_1683165993827243000.png
1683165973676	-1.587879	-7.317062	-0.633539	0.985990	0.014543	0.029123	-0.163596	img__0_1683165993877441000.png
1683165973724	-1.481975	-7.355464	-0.635596	0.986153	0.013485	0.034063	-0.161743	img__0_1683165993928070000.png
1683165973775	-1.371049	-7.395319	-0.637254	0.986328	0.013624	0.037269	-0.159944	img__0_1683165993976980000.png
1683165973823	-1.268384	-7.431881	-0.639539	0.986499	0.013280	0.040060	-0.158233	img__0_1683165994024783000.png
1683165973872	-1.167460	-7.467543	-0.641644	0.986656	0.013167	0.042735	-0.156558	img__0_1683165994074541000.png
1683165973935	-1.037822	-7.512965	-0.644116	0.986976	0.014115	0.042792	-0.154425	img__0_1683165994135948000.png
1683165973980	-0.947267	-7.544399	-0.646416	0.987217	0.011916	0.043579	-0.152844	img__0_1683165994183166000.png
1683165974031	-0.846571	-7.579168	-0.647762	0.987558	0.007401	0.041549	-0.151484	img__0_1683165994233000000.png
1683165974079	-0.753869	-7.611193	-0.650304	0.987488	0.001518	0.046103	-0.150799	img__0_1683165994280860000.png
1683165974133	-0.652514	-7.646584	-0.658519	0.987469	0.002339	0.044928	-0.151267	img__0_1683165994333283000.png
1683165974178	-0.570153	-7.675591	-0.666962	0.987523	0.010311	0.039062	-0.152207	img__0_1683165994380200000.png
1683165974226	-0.484274	-7.705726	-0.679348	0.987399	0.013996	0.038284	-0.152913	img__0_1683165994429312000.png
1683165974280	-0.389733	-7.738503	-0.694720	0.987419	0.020337	0.032137	-0.153485	img__0_1683165994482005000.png
1683165974349	-0.270759	-7.778847	-0.704216	0.987819	0.023412	0.017635	-0.152823	img__0_1683165994551924000.png
1683165974391	-0.199065	-7.802275	-0.708906	0.988093	0.026273	0.011870	-0.151136	img__0_1683165994590226000.png
1683165974439	-0.117515	-7.827866	-0.714120	0.988534	0.028761	0.006535	-0.148090	img__0_1683165994640692000.png
1683165974487	-0.036123	-7.852183	-0.718201	0.989103	0.030271	0.002564	-0.144058	img__0_1683165994687389000.png
1683165974538	0.050397	-7.876579	-0.721306	0.989796	0.031773	-0.002707	-0.138881	img__0_1683165994739264000.png
1683165974586	0.126976	-7.898068	-0.724324	0.990546	0.032750	-0.004790	-0.133126	img__0_1683165994786400000.png
1683165974655	0.250142	-7.926504	-0.727245	0.991712	0.033552	-0.007348	-0.123802	img__0_1683165994855411000.png
1683165974697	0.322436	-7.942381	-0.728182	0.992446	0.033814	-0.008696	-0.117611	img__0_1683165994898963000.png
1683165974745	0.405548	-7.959139	-0.729198	0.993279	0.033984	-0.010585	-0.110138	img__0_1683165994946528000.png
1683165974799	0.499726	-7.976305	-0.728986	0.994154	0.034045	-0.014684	-0.101410	img__0_1683165994999855000.png
1683165974841	0.573572	-7.988453	-0.727455	0.994824	0.034401	-0.015658	-0.094326	img__0_1683165995042591000.png
1683165974895	0.669419	-8.002404	-0.725397	0.995705	0.033999	-0.014581	-0.084876	img__0_1683165995098011000.png
1683165974943	0.755449	-8.013165	-0.724426	0.996409	0.034037	-0.014040	-0.076247	img__0_1683165995143522000.png
1683165975003	0.863976	-8.024518	-0.723211	0.997169	0.033971	-0.015409	-0.065284	img__0_1683165995205795000.png
1683165975054	0.957095	-8.032409	-0.720966	0.997665	0.034349	-0.018852	-0.055940	img__0_1683165995255866000.png
1683165975102	1.045607	-8.038310	-0.718364	0.998114	0.034691	-0.018953	-0.046975	img__0_1683165995302986000.png
1683165975150	1.134990	-8.042705	-0.715451	0.998504	0.034242	-0.019255	-0.038022	img__0_1683165995351950000.png
1683165975195	1.219570	-8.045470	-0.712328	0.998793	0.033806	-0.019702	-0.029694	img__0_1683165995397983000.png
1683165975249	1.322070	-8.047081	-0.707940	0.999013	0.033773	-0.020995	-0.019812	img__0_1683165995450081000.png
1683165975318	1.454711	-8.046365	-0.702094	0.999211	0.033386	-0.020234	-0.007241	img__0_1683165995519922000.png
1683165975360	1.536358	-8.044374	-0.698985	0.999258	0.033186	-0.019574	0.000368	img__0_1683165995561085000.png
1683165975411	1.636355	-8.040417	-0.695100	0.999220	0.032914	-0.019648	0.009480	img__0_1683165995612933000.png
1683165975468	1.749214	-8.033983	-0.690884	0.999103	0.032469	-0.018845	0.019580	img__0_1683165995669200000.png
1683165975507	1.827066	-8.028364	-0.688067	0.998990	0.032113	-0.016973	0.026471	img__0_1683165995708627000.png
1683165975561	1.935588	-8.018967	-0.684407	0.998730	0.031948	-0.014932	0.035977	img__0_1683165995762278000.png
1683165975609	2.032651	-8.009067	-0.680947	0.998441	0.031251	-0.013327	0.044277	img__0_1683165995812495000.png
1683165975672	2.160782	-7.993903	-0.676208	0.997917	0.031324	-0.012872	0.054905	img__0_1683165995873719000.png
1683165975720	2.258908	-7.980689	-0.672509	0.997449	0.031673	-0.011382	0.062944	img__0_1683165995921921000.png
1683165975768	2.357400	-7.966017	-0.668931	0.996948	0.031278	-0.009377	0.070907	img__0_1683165995971468000.png
1683165975816	2.456159	-7.949921	-0.665192	0.996387	0.030832	-0.008120	0.078714	img__0_1683165996019356000.png
1683165975861	2.548917	-7.933532	-0.662043	0.995854	0.029436	-0.004327	0.085964	img__0_1683165996064291000.png
1683165975915	2.660269	-7.912314	-0.658188	0.995123	0.028697	-0.003332	0.094321	img__0_1683165996116087000.png
1683165975960	2.753021	-7.893351	-0.655453	0.994473	0.027980	-0.000391	0.101194	img__0_1683165996162619000.png
1683165976032	2.901093	-7.860663	-0.652254	0.993332	0.027772	0.001277	0.111889	img__0_1683165996234298000.png
1683165976083	3.005632	-7.835816	-0.650365	0.992483	0.027298	0.001879	0.119287	img__0_1683165996285691000.png
1683165976125	3.091476	-7.814323	-0.648947	0.991759	0.026768	0.003075	0.125255	img__0_1683165996326460000.png
1683165976179	3.201450	-7.785383	-0.646987	0.990782	0.026745	0.003523	0.132754	img__0_1683165996382232000.png
1683165976230	3.304887	-7.756729	-0.644491	0.989833	0.026857	0.002918	0.139649	img__0_1683165996432638000.png
1683165976275	3.395800	-7.730316	-0.643002	0.988973	0.026090	0.004853	0.145698	img__0_1683165996477407000.png
1683165976317	3.480299	-7.704773	-0.641634	0.988168	0.025287	0.005485	0.151180	img__0_1683165996520194000.png
1683165976386	3.618298	-7.661073	-0.638737	0.986792	0.023841	0.008931	0.159982	img__0_1683165996587600000.png
1683165976434	3.713544	-7.629446	-0.637055	0.985790	0.023047	0.011858	0.165970	img__0_1683165996637010000.png
1683165976485	3.813910	-7.594828	-0.635488	0.984697	0.021952	0.014994	0.172236	img__0_1683165996686040000.png
1683165976533	3.907472	-7.561387	-0.633612	0.983635	0.021206	0.018009	0.178012	img__0_1683165996734799000.png
1683165976581	4.000024	-7.527173	-0.631513	0.982542	0.020953	0.020635	0.183700	img__0_1683165996783540000.png
1683165976629	4.091417	-7.492208	-0.629828	0.981424	0.020810	0.022705	0.189361	img__0_1683165996831489000.png
1683165976677	4.181551	-7.456522	-0.628543	0.980306	0.019946	0.024259	0.194971	img__0_1683165996879813000.png
1683165976728	4.275864	-7.417874	-0.627676	0.979123	0.019457	0.024959	0.200791	img__0_1683165996930752000.png
1683165976788	4.384909	-7.371522	-0.626304	0.977692	0.020739	0.024933	0.207524	img__0_1683165996990205000.png
1683165976836	4.470641	-7.333722	-0.624968	0.976516	0.020999	0.024944	0.212964	img__0_1683165997039650000.png
1683165976887	4.560268	-7.292855	-0.623154	0.975266	0.019942	0.025124	0.218695	img__0_1683165997088044000.png
1683165976932	4.638084	-7.256223	-0.621466	0.974162	0.018600	0.025489	0.223637	img__0_1683165997134761000.png
1683165976983	4.724811	-7.214121	-0.619817	0.972892	0.017457	0.026230	0.229105	img__0_1683165997184479000.png
1683165977031	4.805018	-7.174003	-0.618174	0.971712	0.016508	0.026263	0.234123	img__0_1683165997233133000.png
1683165977103	4.922757	-7.113035	-0.615521	0.969920	0.015910	0.026245	0.241482	img__0_1683165997305355000.png
1683165977154	4.999557	-7.071905	-0.613368	0.968705	0.016028	0.025800	0.246648	img__0_1683165997355022000.png
1683165977199	5.075000	-7.030382	-0.611263	0.967469	0.015972	0.025281	0.251217	img__0_1683165997402822000.png
1683165977244	5.144470	-6.991086	-0.610101	0.966273	0.015584	0.025072	0.255823	img__0_1683165997447340000.png
1683165977292	5.217286	-6.948812	-0.609009	0.964985	0.014900	0.024733	0.260711	img__0_1683165997493758000.png
1683165977340	5.288794	-6.906200	-0.608074	0.963676	0.013887	0.024906	0.265547	img__0_1683165997542513000.png
1683165977406	5.384975	-6.847156	-0.607065	0.961827	0.011862	0.026292	0.272133	img__0_1683165997607680000.png
1683165977451	5.449115	-6.806694	-0.606368	0.960567	0.010428	0.027226	0.276517	img__0_1683165997654326000.png
1683165977502	5.520380	-6.760733	-0.605496	0.959142	0.010506	0.027450	0.281395	img__0_1683165997705388000.png
1683165977547	5.582001	-6.720111	-0.604508	0.957816	0.009740	0.029287	0.285720	img__0_1683165997750421000.png
1683165977598	5.650430	-6.674044	-0.601681	0.956272	0.009970	0.032420	0.290505	img__0_1683165997801713000.png
1683165977646	5.713313	-6.630705	-0.597875	0.954835	0.009800	0.034168	0.295002	img__0_1683165997849929000.png
1683165977700	5.782053	-6.582012	-0.594308	0.953321	0.009070	0.033511	0.299955	img__0_1683165997902915000.png
1683165977757	5.852422	-6.530719	-0.590014	0.951657	0.009581	0.034946	0.305016	img__0_1683165997959993000.png
1683165977805	5.910114	-6.487613	-0.583046	0.950245	0.009237	0.036087	0.309268	img__0_1683165998008895000.png
1683165977853	5.966255	-6.444638	-0.574007	0.948815	0.006216	0.038132	0.313461	img__0_1683165998056712000.png
1683165977907	6.027406	-6.396613	-0.563019	0.947454	0.003837	0.036358	0.317797	img__0_1683165998108422000.png
1683165977952	6.076536	-6.356968	-0.557526	0.946625	0.006432	0.027762	0.321075	img__0_1683165998153805000.png
1683165978000	6.127244	-6.314917	-0.558769	0.945632	0.004384	0.021369	0.324505	img__0_1683165998204206000.png
1683165978051	6.179864	-6.270316	-0.561824	0.944064	0.019121	0.016429	0.328798	img__0_1683165998254348000.png
1683165978123	6.252350	-6.206342	-0.563367	0.940706	0.030420	0.012089	0.337639	img__0_1683165998326469000.png
1683165978174	6.302371	-6.159683	-0.563426	0.937572	0.037567	0.011701	0.345558	img__0_1683165998376970000.png
1683165978222	6.348335	-6.114383	-0.563030	0.934176	0.043183	0.010134	0.354046	img__0_1683165998423981000.png
1683165978264	6.387642	-6.073445	-0.562185	0.930944	0.047449	0.006824	0.362001	img__0_1683165998466227000.png
1683165978318	6.436976	-6.018692	-0.561018	0.926439	0.053024	0.000749	0.372692	img__0_1683165998521726000.png
1683165978372	6.485116	-5.961215	-0.559441	0.921539	0.057358	-0.003289	0.384012	img__0_1683165998574661000.png
1683165978414	6.521767	-5.914379	-0.558359	0.917344	0.061543	-0.005584	0.393271	img__0_1683165998617021000.png
1683165978462	6.562812	-5.858363	-0.557275	0.912475	0.062977	-0.007873	0.404180	img__0_1683165998665113000.png
1683165978528	6.617929	-5.777033	-0.554578	0.905645	0.061719	-0.010065	0.419400	img__0_1683165998732036000.png
1683165978579	6.659540	-5.710796	-0.551422	0.900141	0.059371	-0.007962	0.431459	img__0_1683165998781437000.png
1683165978627	6.697833	-5.645805	-0.548426	0.894758	0.056739	-0.005700	0.442896	img__0_1683165998829573000.png
1683165978675	6.735189	-5.578393	-0.545618	0.889234	0.053312	-0.003638	0.454322	img__0_1683165998878572000.png
1683165978723	6.771575	-5.508773	-0.542765	0.883601	0.049633	-0.002332	0.465597	img__0_1683165998925181000.png
1683165978771	6.806960	-5.437092	-0.540314	0.877834	0.046696	-0.000518	0.476682	img__0_1683165998973459000.png
1683165978819	6.841338	-5.363553	-0.537911	0.871942	0.045368	0.000169	0.487502	img__0_1683165999022676000.png
1683165978864	6.872643	-5.293025	-0.535453	0.866379	0.044617	-0.000252	0.497389	img__0_1683165999067712000.png
1683165978933	6.918876	-5.181993	-0.531835	0.857814	0.041212	0.001945	0.512302	img__0_1683165999134814000.png
1683165978981	6.949757	-5.102878	-0.529258	0.851901	0.038964	0.002712	0.522244	img__0_1683165999183271000.png
1683165979029	6.979598	-5.017282	-0.526500	0.845749	0.034399	0.004006	0.532456	img__0_1683165999233560000.png
1683165979077	7.008414	-4.940606	-0.524303	0.840434	0.030956	0.005119	0.541004	img__0_1683165999280882000.png
1683165979128	7.037956	-4.852626	-0.522143	0.834642	0.026205	0.005958	0.550136	img__0_1683165999329834000.png
1683165979173	7.063169	-4.774235	-0.520314	0.829663	0.022180	0.008344	0.557762	img__0_1683165999376493000.png
1683165979224	7.090811	-4.684767	-0.518026	0.824242	0.018650	0.009067	0.565858	img__0_1683165999426291000.png
1683165979293	7.126715	-4.562984	-0.515248	0.817345	0.014567	0.009520	0.575886	img__0_1683165999496830000.png
1683165979347	7.153710	-4.467293	-0.513336	0.812226	0.012447	0.010571	0.583114	img__0_1683165999549211000.png
1683165979386	7.172613	-4.398064	-0.512404	0.808660	0.011368	0.011415	0.588056	img__0_1683165999589853000.png
1683165979443	7.199363	-4.296804	-0.510942	0.803618	0.010489	0.012075	0.594930	img__0_1683165999646115000.png
1683165979482	7.217064	-4.227506	-0.509980	0.800326	0.009240	0.012344	0.599367	img__0_1683165999684010000.png
1683165979533	7.239509	-4.136933	-0.508493	0.796188	0.008261	0.012749	0.604859	img__0_1683165999737375000.png
1683165979596	7.266129	-4.025199	-0.507424	0.791299	0.006914	0.013975	0.611231	img__0_1683165999799135000.png
1683165979647	7.286797	-3.934961	-0.506688	0.787391	0.005793	0.016413	0.616208	img__0_1683165999851664000.png
1683165979692	7.304335	-3.855610	-0.505836	0.784004	0.005425	0.017368	0.620489	img__0_1683165999896576000.png
1683165979743	7.323376	-3.766045	-0.505146	0.780253	0.004831	0.017595	0.625197	img__0_1683165999945107000.png
1683165979794	7.341538	-3.676898	-0.504687	0.776594	0.004946	0.017893	0.629728	img__0_1683165999997644000.png
1683165979842	7.357835	-3.593387	-0.504217	0.773237	0.005392	0.017108	0.633863	img__0_1683166000043975000.png
1683165979887	7.372424	-3.515414	-0.503620	0.770134	0.006478	0.016988	0.637624	img__0_1683166000089534000.png
1683165979950	7.391684	-3.406714	-0.503084	0.765794	0.006730	0.016989	0.642826	img__0_1683166000152650000.png
1683165980001	7.406277	-3.319098	-0.502641	0.762316	0.007003	0.017025	0.646944	img__0_1683166000203074000.png
1683165980049	7.419197	-3.236942	-0.501964	0.759077	0.007495	0.016772	0.650742	img__0_1683166000250892000.png
1683165980097	7.431320	-3.155065	-0.501038	0.755855	0.008155	0.016636	0.654477	img__0_1683166000300356000.png
1683165980148	7.443329	-3.068352	-0.499396	0.752427	0.008416	0.017034	0.658401	img__0_1683166000350280000.png
1683165980199	7.454419	-2.981930	-0.497161	0.748995	0.008767	0.017428	0.662288	img__0_1683166000401976000.png
1683165980244	7.463392	-2.905927	-0.495323	0.745942	0.009314	0.017923	0.665704	img__0_1683166000448679000.png
1683165980316	7.476109	-2.784809	-0.492870	0.741050	0.009965	0.017613	0.671145	img__0_1683166000520405000.png
1683165980358	7.482590	-2.714413	-0.491594	0.738176	0.009992	0.017566	0.674305	img__0_1683166000562377000.png
1683165980412	7.489925	-2.624176	-0.489756	0.734494	0.010075	0.017246	0.678321	img__0_1683166000614469000.png
1683165980454	7.494855	-2.554198	-0.488328	0.731613	0.009993	0.017364	0.681426	img__0_1683166000657221000.png
1683165980502	7.499640	-2.474458	-0.487171	0.728317	0.010061	0.017126	0.684953	img__0_1683166000705661000.png
1683165980550	7.503536	-2.394959	-0.486233	0.724997	0.010409	0.017009	0.688463	img__0_1683166000754578000.png
1683165980616	7.507455	-2.286016	-0.484923	0.720458	0.010396	0.016767	0.693218	img__0_1683166000818055000.png
1683165980667	7.509367	-2.202119	-0.483654	0.716927	0.009807	0.017222	0.696866	img__0_1683166000870203000.png
1683165980715	7.510280	-2.123422	-0.482191	0.713616	0.009443	0.017007	0.700267	img__0_1683166000919050000.png
1683165980766	7.510315	-2.040110	-0.480768	0.710102	0.008879	0.017123	0.703834	img__0_1683166000969382000.png
1683165980817	7.509378	-1.957141	-0.480214	0.706583	0.008270	0.017161	0.707374	img__0_1683166001019755000.png
1683165980868	7.507511	-1.874539	-0.480027	0.703103	0.007589	0.016427	0.710858	img__0_1683166001070489000.png
1683165980913	7.505144	-1.801959	-0.479720	0.700093	0.007677	0.015549	0.713841	img__0_1683166001116712000.png
1683165980964	7.501678	-1.720022	-0.479268	0.696732	0.007004	0.015068	0.717139	img__0_1683166001167537000.png
1683165981012	7.497676	-1.643221	-0.479319	0.693598	0.006875	0.015108	0.720171	img__0_1683166001216786000.png
1683165981072	7.491683	-1.547669	-0.479943	0.689689	0.006433	0.015086	0.723920	img__0_1683166001276888000.png
1683165981123	7.485721	-1.466869	-0.481507	0.686367	0.006019	0.015257	0.727071	img__0_1683166001327871000.png
1683165981171	7.479419	-1.391184	-0.482961	0.683195	0.005426	0.015652	0.730049	img__0_1683166001375684000.png
1683165981222	7.472049	-1.311165	-0.482860	0.679804	0.004483	0.016110	0.733203	img__0_1683166001425844000.png
1683165981267	7.464963	-1.240947	-0.482105	0.676859	0.004022	0.015909	0.735930	img__0_1683166001471838000.png
1683165981324	7.455195	-1.152572	-0.481547	0.673149	0.003735	0.016195	0.739320	img__0_1683166001527408000.png
1683165981366	7.447443	-1.087869	-0.481038	0.670425	0.003583	0.016506	0.741785	img__0_1683166001569780000.png
1683165981435	7.433753	-0.982337	-0.478055	0.666079	0.001957	0.016571	0.745695	img__0_1683166001637511000.png
1683165981480	7.424184	-0.914099	-0.476037	0.663265	0.000850	0.018560	0.748154	img__0_1683166001683378000.png
1683165981528	7.413397	-0.841946	-0.474952	0.660136	-0.000974	0.020649	0.750862	img__0_1683166001731707000.png
1683165981585	7.399803	-0.757294	-0.474940	0.656244	-0.002737	0.022610	0.754205	img__0_1683166001787100000.png
1683165981624	7.390036	-0.700081	-0.474958	0.653518	-0.004421	0.022867	0.756552	img__0_1683166001826844000.png
1683165981672	7.377557	-0.630512	-0.474719	0.650185	-0.006823	0.022945	0.759399	img__0_1683166001877167000.png
1683165981723	7.363755	-0.557833	-0.476992	0.646474	-0.007966	0.025401	0.762472	img__0_1683166001926223000.png
1683165981771	7.350262	-0.490626	-0.479898	0.642893	-0.004466	0.025712	0.765511	img__0_1683166001974188000.png
1683165981837	7.330790	-0.399642	-0.479906	0.638025	0.011553	0.017629	0.769727	img__0_1683166002041353000.png
1683165981888	7.314743	-0.329831	-0.476593	0.634127	0.018466	0.008544	0.772961	img__0_1683166002091807000.png
1683165981942	7.296775	-0.255706	-0.469519	0.629941	0.024889	0.001261	0.776244	img__0_1683166002144349000.png
1683165981984	7.281984	-0.197509	-0.464946	0.626857	0.028345	-0.005549	0.778599	img__0_1683166002189034000.png
1683165982038	7.261980	-0.121556	-0.460311	0.623061	0.030898	-0.010770	0.781488	img__0_1683166002240946000.png
1683165982089	7.242213	-0.048505	-0.454643	0.619698	0.031847	-0.014459	0.784061	img__0_1683166002291423000.png
1683165982131	7.225304	0.012843	-0.450512	0.617146	0.032776	-0.017931	0.785961	img__0_1683166002333481000.png
1683165982197	7.197684	0.111761	-0.446124	0.613690	0.032884	-0.022911	0.788529	img__0_1683166002399944000.png
1683165982242	7.178246	0.181051	-0.443712	0.611528	0.033956	-0.022524	0.790173	img__0_1683166002446027000.png
1683165982290	7.156988	0.256595	-0.440679	0.609544	0.032715	-0.025529	0.791666	img__0_1683166002494114000.png
1683165982341	7.133841	0.338907	-0.438819	0.607691	0.032496	-0.026843	0.793055	img__0_1683166002543430000.png
1683165982389	7.111600	0.418346	-0.438416	0.606415	0.029795	-0.027305	0.794121	img__0_1683166002591655000.png
1683165982437	7.089033	0.499566	-0.438246	0.605424	0.027649	-0.026334	0.794987	img__0_1683166002639611000.png
1683165982485	7.066215	0.582355	-0.436704	0.604617	0.026233	-0.025296	0.795683	img__0_1683166002689278000.png
1683165982557	7.031555	0.709329	-0.432209	0.603614	0.024648	-0.023328	0.796554	img__0_1683166002759168000.png
1683165982599	7.011079	0.784965	-0.429960	0.603247	0.023313	-0.023173	0.796877	img__0_1683166002802952000.png
1683165982653	6.984536	0.883902	-0.428420	0.603082	0.021185	-0.023644	0.797047	img__0_1683166002857707000.png
1683165982692	6.965275	0.956469	-0.427626	0.603112	0.019891	-0.023143	0.797072	img__0_1683166002897397000.png
1683165982743	6.940015	1.052559	-0.424763	0.603203	0.018101	-0.020264	0.797125	img__0_1683166002946980000.png
1683165982794	6.914664	1.149864	-0.419876	0.603298	0.016599	-0.017516	0.797151	img__0_1683166002997083000.png
1683165982860	6.881677	1.277536	-0.414003	0.603433	0.015200	-0.015857	0.797111	img__0_1683166003064969000.png
1683165982911	6.856041	1.377457	-0.410552	0.603552	0.014981	-0.014789	0.797046	img__0_1683166003113567000.png
1683165982956	6.833313	1.466483	-0.408192	0.603656	0.014328	-0.013425	0.797003	img__0_1683166003161120000.png
1683165983007	6.807422	1.568190	-0.404093	0.603660	0.013104	-0.009852	0.797073	img__0_1683166003210901000.png
1683165983055	6.782893	1.664533	-0.398011	0.603496	0.012009	-0.007777	0.797238	img__0_1683166003259553000.png
1683165983106	6.756611	1.767482	-0.391042	0.603143	0.010706	-0.004363	0.797550	img__0_1683166003309026000.png
1683165983154	6.731646	1.864756	-0.382679	0.602567	0.009816	-0.001989	0.798005	img__0_1683166003356710000.png
1683165983199	6.707986	1.956207	-0.375038	0.601876	0.009012	-0.000428	0.798538	img__0_1683166003404119000.png
1683165983265	6.672794	2.090655	-0.364793	0.600627	0.008422	0.001549	0.799484	img__0_1683166003468657000.png
1683165983313	6.646823	2.188572	-0.356974	0.599523	0.007217	0.003484	0.800317	img__0_1683166003515664000.png
1683165983361	6.620533	2.286496	-0.347877	0.598202	0.006589	0.006042	0.801295	img__0_1683166003563758000.png
1683165983409	6.593869	2.384328	-0.338575	0.596748	0.006422	0.007169	0.802371	img__0_1683166003612912000.png
1683165983460	6.565070	2.488110	-0.329788	0.595082	0.006974	0.008084	0.803594	img__0_1683166003664536000.png
1683165983505	6.539226	2.579521	-0.322839	0.593522	0.007182	0.008414	0.804742	img__0_1683166003709966000.png
1683165983577	6.496999	2.725444	-0.312283	0.590853	0.007212	0.009184	0.806695	img__0_1683166003782158000.png
1683165983631	6.464628	2.834590	-0.303707	0.588734	0.006388	0.009431	0.808246	img__0_1683166003834016000.png
1683165983673	6.439046	2.919278	-0.296837	0.587088	0.005635	0.009278	0.809451	img__0_1683166003876514000.png
1683165983718	6.411266	3.009799	-0.289639	0.585341	0.004903	0.008854	0.810724	img__0_1683166003923068000.png
1683165983772	6.377468	3.118124	-0.281467	0.583322	0.004098	0.008264	0.812189	img__0_1683166003975190000.png
1683165983817	6.348959	3.208143	-0.274837	0.581679	0.003793	0.008067	0.813370	img__0_1683166004021563000.png
1683165983865	6.318233	3.303907	-0.267536	0.579935	0.002355	0.008824	0.814612	img__0_1683166004068187000.png
1683165983937	6.271603	3.446932	-0.256854	0.577393	-0.000210	0.009643	0.816409	img__0_1683166004141862000.png
1683165983979	6.244163	3.529952	-0.250185	0.575933	-0.001635	0.010366	0.817430	img__0_1683166004183153000.png
1683165984030	6.210652	3.630265	-0.241898	0.574176	-0.003013	0.011265	0.818649	img__0_1683166004235284000.png
1683165984078	6.178939	3.724096	-0.234683	0.572507	-0.004442	0.012094	0.819799	img__0_1683166004281632000.png
1683165984126	6.147095	3.817309	-0.227413	0.570882	-0.005815	0.012780	0.820912	img__0_1683166004328812000.png
1683165984174	6.115171	3.909837	-0.220045	0.569266	-0.009203	0.013783	0.821986	img__0_1683166004377868000.png
1683165984222	6.083241	4.001548	-0.213345	0.567687	-0.010647	0.014998	0.823039	img__0_1683166004425321000.png
1683165984294	6.035426	4.137423	-0.203893	0.565392	-0.013315	0.015451	0.824570	img__0_1683166004498790000.png
1683165984339	6.005669	4.221204	-0.199148	0.564038	-0.014836	0.015574	0.825469	img__0_1683166004544215000.png
1683165984384	5.976068	4.304088	-0.194610	0.562760	-0.016365	0.015491	0.826313	img__0_1683166004587377000.png
1683165984432	5.944721	4.391490	-0.189632	0.561548	-0.017946	0.014826	0.827117	img__0_1683166004637213000.png
1683165984483	5.911765	4.483182	-0.184505	0.560440	-0.019442	0.014770	0.827835	img__0_1683166004686072000.png
1683165984531	5.881138	4.568308	-0.180650	0.559497	-0.019642	0.015200	0.828460	img__0_1683166004735762000.png
1683165984582	5.848986	4.657581	-0.175506	0.558596	-0.020527	0.015218	0.829046	img__0_1683166004786151000.png
1683165984627	5.821002	4.735269	-0.171293	0.557916	-0.022101	0.015151	0.829465	img__0_1683166004832328000.png
1683165984696	5.778896	4.852420	-0.163904	0.557147	-0.024532	0.015950	0.829898	img__0_1683166004899493000.png
1683165984741	5.752034	4.927443	-0.158983	0.556741	-0.025863	0.016060	0.830128	img__0_1683166004946848000.png
1683165984792	5.722204	5.011093	-0.153327	0.556373	-0.028335	0.016670	0.830282	img__0_1683166004997243000.png
1683165984846	5.691438	5.097965	-0.147360	0.556117	-0.033293	0.016787	0.830267	img__0_1683166005051420000.png
1683165984891	5.666607	5.168917	-0.142358	0.556180	-0.039203	0.014837	0.830004	img__0_1683166005094468000.png
1683165984936	5.642809	5.238390	-0.138798	0.556806	-0.040420	0.012266	0.829568	img__0_1683166005141366000.png
1683165984987	5.617406	5.315188	-0.139711	0.558133	-0.039608	0.008370	0.828763	img__0_1683166005191653000.png
1683165985050	5.588470	5.407476	-0.148808	0.560764	-0.036452	0.003548	0.827165	img__0_1683166005254858000.png
1683165985098	5.568029	5.476365	-0.157515	0.563353	-0.040125	0.004231	0.825230	img__0_1683166005301669000.png
1683165985146	5.549034	5.543971	-0.167605	0.566175	-0.039895	0.010249	0.823255	img__0_1683166005351567000.png
1683165985197	5.530288	5.614098	-0.180144	0.568727	-0.039448	0.022024	0.821285	img__0_1683166005400890000.png
1683165985242	5.514585	5.674392	-0.189968	0.570279	-0.034950	0.031233	0.820113	img__0_1683166005447477000.png
1683165985299	5.495210	5.748411	-0.199572	0.571021	-0.019414	0.040882	0.819687	img__0_1683166005504855000.png
1683165985344	5.479738	5.804860	-0.206429	0.569846	-0.010165	0.040689	0.820681	img__0_1683166005547531000.png
1683165985407	5.457255	5.881685	-0.211304	0.567091	0.003957	0.033106	0.822980	img__0_1683166005611801000.png
1683165985461	5.436867	5.946104	-0.211175	0.563528	0.012427	0.031069	0.825419	img__0_1683166005665052000.png
1683165985506	5.418821	5.999035	-0.208660	0.559859	0.018684	0.029194	0.827862	img__0_1683166005710262000.png
1683165985557	5.396879	6.058337	-0.205450	0.554949	0.023123	0.028065	0.831089	img__0_1683166005762311000.png
1683165985599	5.377519	6.106725	-0.202724	0.550472	0.023036	0.026928	0.834101	img__0_1683166005803526000.png
1683165985647	5.353956	6.161595	-0.199503	0.544924	0.024377	0.026222	0.837721	img__0_1683166005852371000.png
1683165985716	5.317292	6.239748	-0.195201	0.536104	0.027197	0.025647	0.843324	img__0_1683166005920740000.png
1683165985764	5.289761	6.293684	-0.192597	0.529399	0.028207	0.025567	0.847518	img__0_1683166005967313000.png
1683165985812	5.260533	6.347290	-0.190218	0.522345	0.026731	0.024593	0.851960	img__0_1683166006016825000.png
1683165985860	5.229693	6.400559	-0.187686	0.515028	0.026653	0.024537	0.856408	img__0_1683166006065059000.png
1683165985908	5.197324	6.453480	-0.184441	0.507427	0.024964	0.024812	0.860976	img__0_1683166006113075000.png
1683165985959	5.161229	6.509256	-0.181293	0.499107	0.024215	0.024677	0.865850	img__0_1683166006162338000.png
1683165986007	5.125646	6.561281	-0.179353	0.491096	0.023220	0.023908	0.870467	img__0_1683166006211901000.png
1683165986073	5.074355	6.632067	-0.177458	0.480009	0.020718	0.022165	0.876739	img__0_1683166006279132000.png
1683165986124	5.033045	6.686191	-0.175651	0.471491	0.020405	0.020483	0.881397	img__0_1683166006329619000.png
1683165986169	4.995456	6.733577	-0.173566	0.464140	0.020601	0.018072	0.885338	img__0_1683166006372323000.png
1683165986220	4.951594	6.786947	-0.171177	0.456087	0.019583	0.015341	0.889587	img__0_1683166006426045000.png
1683165986265	4.911869	6.833806	-0.169113	0.449185	0.017385	0.014141	0.893158	img__0_1683166006469123000.png
1683165986313	4.868528	6.883550	-0.167319	0.441937	0.015351	0.013687	0.896810	img__0_1683166006518006000.png
1683165986376	4.810298	6.948424	-0.165330	0.432746	0.013072	0.012271	0.901338	img__0_1683166006580478000.png
1683165986424	4.765030	6.997539	-0.164034	0.426010	0.011746	0.011507	0.904569	img__0_1683166006630008000.png
1683165986475	4.716186	7.049435	-0.162525	0.419103	0.011111	0.010573	0.907809	img__0_1683166006679762000.png
1683165986526	4.666609	7.101047	-0.161372	0.412397	0.010204	0.010270	0.910889	img__0_1683166006729555000.png
1683165986571	4.622295	7.146352	-0.160510	0.406659	0.010920	0.009496	0.913465	img__0_1683166006775239000.png
1683165986619	4.574430	7.194462	-0.159977	0.400654	0.011609	0.009341	0.916108	img__0_1683166006824449000.png
1683165986667	4.525942	7.242368	-0.159626	0.394783	0.010872	0.009031	0.918666	img__0_1683166006871308000.png
1683165986733	4.458311	7.307899	-0.158764	0.386874	0.009804	0.009674	0.922030	img__0_1683166006937839000.png
1683165986790	4.399029	7.364104	-0.158744	0.380131	0.008915	0.010408	0.924831	img__0_1683166006994934000.png
1683165986829	4.358031	7.402322	-0.158812	0.375577	0.009357	0.010472	0.926685	img__0_1683166007033130000.png
1683165986877	4.307077	7.449086	-0.158814	0.370021	0.009516	0.010705	0.928913	img__0_1683166007081125000.png
1683165986925	4.255563	7.495533	-0.159106	0.364488	0.009143	0.011130	0.931097	img__0_1683166007130516000.png
1683165986973	4.203500	7.541641	-0.159373	0.358995	0.009356	0.011478	0.933222	img__0_1683166007179392000.png
1683165987024	4.147576	7.590247	-0.159540	0.353210	0.009394	0.011587	0.935425	img__0_1683166007229378000.png
1683165987087	4.077617	7.649720	-0.160022	0.346135	0.009608	0.011476	0.938066	img__0_1683166007293433000.png
1683165987141	4.016883	7.700208	-0.160334	0.340196	0.010321	0.011030	0.940233	img__0_1683166007344722000.png
1683165987189	3.962290	7.744738	-0.160257	0.335021	0.010652	0.010913	0.942087	img__0_1683166007392963000.png
1683165987234	3.910572	7.786192	-0.160117	0.330239	0.010655	0.010904	0.943774	img__0_1683166007438925000.png
1683165987285	3.851333	7.832830	-0.159856	0.324910	0.010736	0.010762	0.945623	img__0_1683166007488823000.png
1683165987330	3.798513	7.873678	-0.159521	0.320294	0.010899	0.010776	0.947194	img__0_1683166007536314000.png
1683165987393	3.723682	7.930387	-0.159282	0.313959	0.010970	0.010856	0.949311	img__0_1683166007598982000.png
1683165987447	3.658713	7.978543	-0.159497	0.308589	0.011124	0.010872	0.951068	img__0_1683166007652962000.png
1683165987492	3.603980	8.018343	-0.160088	0.304132	0.010768	0.011184	0.952503	img__0_1683166007696807000.png
1683165987549	3.533901	8.068310	-0.161041	0.298535	0.010454	0.011495	0.954272	img__0_1683166007754244000.png
1683165987588	3.485484	8.102201	-0.161534	0.294748	0.010085	0.011542	0.955452	img__0_1683166007794115000.png
1683165987639	3.421620	8.146139	-0.161856	0.289806	0.009349	0.012144	0.956963	img__0_1683166007843078000.png
1683165987702	3.341905	8.199747	-0.162118	0.283578	0.007915	0.013759	0.958818	img__0_1683166007906625000.png
1683165987750	3.280603	8.240015	-0.162092	0.278746	0.006829	0.014865	0.960226	img__0_1683166007956321000.png
1683165987801	3.214973	8.282175	-0.161893	0.273515	0.005680	0.015968	0.961718	img__0_1683166008006111000.png
1683165987852	3.148880	8.323621	-0.161328	0.268132	0.004179	0.018025	0.963205	img__0_1683166008056817000.png
1683165987897	3.090217	8.359511	-0.160529	0.263218	0.002943	0.019483	0.964535	img__0_1683166008103333000.png
1683165987951	3.019430	8.401604	-0.160015	0.257153	0.001955	0.020513	0.966151	img__0_1683166008156177000.png
1683165988011	2.940341	8.447039	-0.159751	0.250252	0.000663	0.021431	0.967943	img__0_1683166008215859000.png
1683165988059	2.876786	8.482317	-0.159785	0.244643	0.000082	0.021636	0.969372	img__0_1683166008264754000.png
1683165988110	2.809023	8.518748	-0.159837	0.238663	-0.000230	0.021268	0.970870	img__0_1683166008314702000.png
1683165988155	2.749053	8.550014	-0.159562	0.233445	0.000271	0.020617	0.972151	img__0_1683166008360630000.png
1683165988203	2.684900	8.582500	-0.158520	0.227945	0.001001	0.020247	0.973463	img__0_1683166008408555000.png
1683165988254	2.616495	8.616062	-0.156606	0.222127	0.002944	0.020674	0.974794	img__0_1683166008458265000.png
1683165988302	2.551805	8.646727	-0.154662	0.216571	0.004754	0.021487	0.976019	img__0_1683166008507340000.png
1683165988371	2.458120	8.689178	-0.152259	0.208350	0.005796	0.022147	0.977786	img__0_1683166008576889000.png
1683165988413	2.400654	8.714061	-0.150983	0.203331	0.005171	0.021670	0.978857	img__0_1683166008619341000.png
1683165988467	2.326327	8.745018	-0.149263	0.196951	0.004203	0.020773	0.980184	img__0_1683166008671067000.png
1683165988512	2.264055	8.769953	-0.147696	0.191709	0.003377	0.020221	0.981238	img__0_1683166008716892000.png
1683165988563	2.193168	8.797273	-0.145780	0.185725	0.002528	0.021070	0.982373	img__0_1683166008767288000.png
1683165988608	2.130372	8.820503	-0.144204	0.180351	0.001676	0.021918	0.983357	img__0_1683166008814586000.png
1683165988680	2.029509	8.855873	-0.141965	0.171617	-0.000058	0.021991	0.984918	img__0_1683166008883943000.png
1683165988725	1.966295	8.876830	-0.140880	0.166146	-0.001224	0.021643	0.985863	img__0_1683166008930362000.png
1683165988773	1.898785	8.898210	-0.140187	0.160279	-0.002417	0.021590	0.986833	img__0_1683166008979337000.png
1683165988821	1.831253	8.918588	-0.139798	0.154384	-0.003223	0.021044	0.987782	img__0_1683166009026499000.png
1683165988869	1.763744	8.937992	-0.139426	0.148531	-0.003664	0.020091	0.988697	img__0_1683166009073873000.png
1683165988917	1.696293	8.956474	-0.138692	0.142743	-0.003928	0.019519	0.989560	img__0_1683166009122918000.png
1683165988968	1.624711	8.975134	-0.137477	0.136591	-0.004339	0.019566	0.990425	img__0_1683166009174170000.png
1683165989028	1.540648	8.995774	-0.135998	0.129286	-0.005085	0.019588	0.991401	img__0_1683166009234896000.png
1683165989076	1.473552	9.011245	-0.135182	0.123381	-0.005450	0.019710	0.992149	img__0_1683166009282624000.png
1683165989127	1.402443	9.026680	-0.134170	0.117081	-0.006127	0.019647	0.992909	img__0_1683166009331092000.png
1683165989175	1.335717	9.040277	-0.132564	0.111110	-0.007134	0.020540	0.993570	img__0_1683166009379699000.png
1683165989223	1.269229	9.052933	-0.130471	0.105122	-0.007787	0.021046	0.994206	img__0_1683166009429071000.png
1683165989271	1.203009	9.064641	-0.127388	0.099099	-0.008933	0.022176	0.994790	img__0_1683166009476863000.png
1683165989343	1.104297	9.080307	-0.120906	0.089899	-0.012016	0.024039	0.995588	img__0_1683166009548619000.png
1683165989394	1.034981	9.089900	-0.115708	0.083332	-0.014527	0.024700	0.996110	img__0_1683166009598157000.png
1683165989430	0.986477	9.095801	-0.113516	0.078649	-0.016003	0.024943	0.996462	img__0_1683166009636182000.png
1683165989478	0.922442	9.102519	-0.112712	0.072332	-0.017748	0.025379	0.996900	img__0_1683166009684579000.png
1683165989532	0.851281	9.108657	-0.111285	0.065166	-0.020381	0.026157	0.997323	img__0_1683166009736284000.png
1683165989580	0.788866	9.112898	-0.108111	0.058881	-0.021328	0.025953	0.997700	img__0_1683166009784834000.png
1683165989631	0.723527	9.116098	-0.104101	0.052351	-0.021321	0.024560	0.998099	img__0_1683166009835261000.png
1683165989694	0.644278	9.118198	-0.099978	0.044527	-0.019061	0.023523	0.998549	img__0_1683166009898648000.png
1683165989742	0.584848	9.118564	-0.095918	0.038677	-0.017215	0.021771	0.998866	img__0_1683166009948874000.png
1683165989793	0.522493	9.117904	-0.090032	0.032623	-0.017395	0.019650	0.999123	img__0_1683166009999252000.png
1683165989838	0.468212	9.116416	-0.085533	0.027358	-0.014597	0.020972	0.999299	img__0_1683166010044808000.png
1683165989889	0.407446	9.113666	-0.081947	0.021138	-0.011626	0.019139	0.999526	img__0_1683166010094295000.png
1683165989937	0.350864	9.110049	-0.081019	0.015238	-0.008323	0.018919	0.999670	img__0_1683166010142429000.png
1683165989985	0.294674	9.105571	-0.080129	0.009294	-0.000181	0.019164	0.999773	img__0_1683166010189454000.png
1683165990051	0.217403	9.097981	-0.079583	0.000822	0.011138	0.019146	0.999754	img__0_1683166010255591000.png
1683165990096	0.164226	9.091758	-0.082265	-0.005304	0.016998	0.019685	0.999648	img__0_1683166010302343000.png
1683165990147	0.103152	9.083712	-0.086239	-0.012593	0.022638	0.021016	0.999444	img__0_1683166010351697000.png
1683165990192	0.048390	9.075739	-0.089491	-0.019254	0.023576	0.020232	0.999332	img__0_1683166010397388000.png
1683165990246	-0.018520	9.065077	-0.093238	-0.027517	0.025017	0.020915	0.999089	img__0_1683166010450630000.png
1683165990288	-0.071476	9.055958	-0.095674	-0.034056	0.024769	0.020646	0.998900	img__0_1683166010494189000.png
1683165990357	-0.160192	9.039408	-0.098511	-0.045013	0.023757	0.020684	0.998490	img__0_1683166010561293000.png
1683165990402	-0.219157	9.027554	-0.099550	-0.052262	0.024013	0.021480	0.998114	img__0_1683166010608294000.png
1683165990453	-0.287040	9.013043	-0.100582	-0.060673	0.023874	0.023310	0.997600	img__0_1683166010658213000.png
1683165990501	-0.352001	8.998210	-0.102470	-0.068675	0.026007	0.024158	0.997007	img__0_1683166010706449000.png
1683165990549	-0.418092	8.982110	-0.106272	-0.076898	0.024305	0.024848	0.996433	img__0_1683166010753616000.png
1683165990597	-0.485178	8.964792	-0.110268	-0.085349	0.021522	0.026136	0.995776	img__0_1683166010801450000.png
1683165990648	-0.557358	8.945062	-0.113764	-0.094474	0.019028	0.026686	0.994988	img__0_1683166010852518000.png
1683165990714	-0.651970	8.917384	-0.118213	-0.106437	0.017587	0.027709	0.993778	img__0_1683166010919762000.png
1683165990759	-0.717148	8.897127	-0.120508	-0.114642	0.016130	0.027856	0.992885	img__0_1683166010966103000.png
1683165990807	-0.787196	8.874249	-0.122556	-0.123459	0.015720	0.028714	0.991810	img__0_1683166011013255000.png
1683165990858	-0.862197	8.848420	-0.125211	-0.132768	0.014946	0.028173	0.990634	img__0_1683166011065352000.png
1683165990906	-0.933289	8.822670	-0.128635	-0.141438	0.014074	0.027460	0.989466	img__0_1683166011112997000.png
1683165990954	-1.004790	8.795641	-0.131440	-0.149972	0.012875	0.026370	0.988255	img__0_1683166011159784000.png
1683165991005	-1.081141	8.765595	-0.133626	-0.158828	0.011292	0.025146	0.986921	img__0_1683166011211085000.png
1683165991071	-1.180426	8.724734	-0.135953	-0.170001	0.011669	0.025187	0.985053	img__0_1683166011277312000.png
1683165991116	-1.248422	8.695587	-0.137428	-0.177954	0.010718	0.024034	0.983687	img__0_1683166011324768000.png
1683165991164	-1.321209	8.663356	-0.139419	-0.185197	0.010490	0.023434	0.982366	img__0_1683166011371447000.png
1683165991212	-1.394225	8.630024	-0.141170	-0.192610	0.010963	0.022467	0.980957	img__0_1683166011420028000.png
1683165991263	-1.472082	8.593395	-0.143545	-0.200243	0.011093	0.022605	0.979423	img__0_1683166011470473000.png
1683165991311	-1.545620	8.557784	-0.146082	-0.207245	0.011551	0.023216	0.977945	img__0_1683166011517097000.png
1683165991362	-1.624020	8.518739	-0.148963	-0.214472	0.008985	0.020842	0.976466	img__0_1683166011570183000.png
1683165991431	-1.730412	8.464059	-0.153428	-0.223790	0.009785	0.021666	0.974348	img__0_1683166011638349000.png
1683165991476	-1.799979	8.427298	-0.155319	-0.229694	0.010178	0.022530	0.972949	img__0_1683166011683170000.png
1683165991527	-1.879011	8.384456	-0.158103	-0.236288	0.010463	0.023379	0.971346	img__0_1683166011735359000.png
1683165991569	-1.944243	8.348190	-0.161210	-0.241659	0.009491	0.023215	0.970037	img__0_1683166011777789000.png
1683165991623	-2.028252	8.300309	-0.165574	-0.248410	0.008688	0.023090	0.968341	img__0_1683166011829238000.png
1683165991668	-2.098339	8.259387	-0.168525	-0.253915	0.008502	0.023419	0.966906	img__0_1683166011876277000.png
1683165991716	-2.173149	8.214672	-0.171867	-0.259696	0.006499	0.022385	0.965409	img__0_1683166011924692000.png
1683165991767	-2.252619	8.165978	-0.176476	-0.265680	0.005991	0.022622	0.963777	img__0_1683166011975663000.png
1683165991821	-2.336710	8.113110	-0.181803	-0.271895	0.007467	0.024176	0.961994	img__0_1683166012027288000.png
1683165991884	-2.434796	8.049572	-0.189266	-0.279001	0.010025	0.025195	0.959908	img__0_1683166012091359000.png
1683165991932	-2.509595	7.999749	-0.195826	-0.284277	0.010678	0.025458	0.958345	img__0_1683166012139487000.png
1683165991980	-2.584481	7.948788	-0.201032	-0.289462	0.010342	0.025396	0.956797	img__0_1683166012188428000.png
1683165992028	-2.659438	7.896640	-0.205999	-0.294475	0.010465	0.024448	0.955289	img__0_1683166012235553000.png
1683165992076	-2.734470	7.843303	-0.211187	-0.299309	0.010484	0.024555	0.953783	img__0_1683166012283622000.png
1683165992127	-2.814276	7.785325	-0.217192	-0.304313	0.010279	0.024313	0.952206	img__0_1683166012333352000.png
1683165992190	-2.912983	7.711775	-0.227302	-0.310232	0.009593	0.022719	0.950341	img__0_1683166012398783000.png
1683165992241	-2.992955	7.650786	-0.237109	-0.314880	0.007819	0.021648	0.948853	img__0_1683166012447708000.png
1683165992289	-3.068202	7.592369	-0.245921	-0.319132	0.005842	0.020397	0.947473	img__0_1683166012495783000.png
1683165992340	-3.148061	7.529322	-0.254536	-0.323415	0.003692	0.017682	0.946085	img__0_1683166012548676000.png
1683165992382	-3.213701	7.476706	-0.262027	-0.326702	0.002051	0.016734	0.944977	img__0_1683166012590450000.png
1683165992430	-3.288521	7.415899	-0.270934	-0.330300	-0.000262	0.015547	0.943748	img__0_1683166012638177000.png
1683165992496	-3.390883	7.331276	-0.283893	-0.335113	-0.006181	0.013929	0.942055	img__0_1683166012704480000.png
1683165992547	-3.469343	7.265255	-0.294204	-0.338869	-0.010718	0.014092	0.940667	img__0_1683166012754355000.png
1683165992598	-3.546978	7.198769	-0.305639	-0.342846	-0.015215	0.014400	0.939158	img__0_1683166012804073000.png
1683165992643	-3.614619	7.139769	-0.316558	-0.346486	-0.017729	0.013489	0.937791	img__0_1683166012850815000.png
1683165992697	-3.694646	7.068675	-0.328897	-0.350855	-0.020105	0.013228	0.936121	img__0_1683166012903886000.png
1683165992742	-3.760335	7.009242	-0.338040	-0.354532	-0.021423	0.012830	0.934711	img__0_1683166012948304000.png
1683165992790	-3.829397	6.945712	-0.345574	-0.358417	-0.022781	0.010619	0.933223	img__0_1683166012998998000.png
1683165992853	-3.918278	6.862270	-0.354906	-0.363196	-0.024945	0.007081	0.931352	img__0_1683166013062144000.png
1683165992901	-3.984591	6.798831	-0.362157	-0.366604	-0.026899	0.005881	0.929970	img__0_1683166013109818000.png
