TimeStamp	POS_X	POS_Y	POS_Z	Q_W	Q_X	Q_Y	Q_Z	ImageFile
1683231522648	6.602296	-3.293554	-0.607705	0.679140	0.032447	-0.060107	0.730824	img__0_1683231527582325000.png
1683231522711	6.583045	-3.203295	-0.601411	0.678104	0.023237	-0.059703	0.732168	img__0_1683231527646524000.png
1683231522759	6.569567	-3.131398	-0.596513	0.678198	0.017749	-0.058209	0.732355	img__0_1683231527695564000.png
1683231522807	6.557275	-3.057055	-0.591418	0.678952	0.013145	-0.056065	0.731920	img__0_1683231527742593000.png
1683231522858	6.545624	-2.975617	-0.585887	0.680355	0.009232	-0.053450	0.730873	img__0_1683231527791901000.png
1683231522903	6.536597	-2.901854	-0.580913	0.682034	0.006280	-0.050884	0.729521	img__0_1683231527839332000.png
1683231522951	6.528282	-2.821401	-0.575398	0.684205	0.003547	-0.048082	0.727695	img__0_1683231527887536000.png
1683231523017	6.519076	-2.708114	-0.567495	0.687704	0.000505	-0.044225	0.724643	img__0_1683231527951187000.png
1683231523071	6.513450	-2.613407	-0.560716	0.690912	-0.001398	-0.041145	0.721765	img__0_1683231528006030000.png
1683231523119	6.509860	-2.527881	-0.554532	0.693985	-0.003283	-0.038362	0.718959	img__0_1683231528055002000.png
1683231523167	6.507575	-2.441252	-0.548173	0.697206	-0.004918	-0.035841	0.715957	img__0_1683231528102045000.png
1683231523212	6.506604	-2.359159	-0.542169	0.700332	-0.006047	-0.033450	0.713007	img__0_1683231528148466000.png
1683231523260	6.506755	-2.270802	-0.535215	0.703732	-0.007210	-0.030151	0.709789	img__0_1683231528195596000.png
1683231523308	6.508066	-2.181771	-0.527559	0.707123	-0.008208	-0.027040	0.706525	img__0_1683231528243742000.png
1683231523374	6.511664	-2.058487	-0.516265	0.711724	-0.009250	-0.022994	0.702022	img__0_1683231528310704000.png
1683231523428	6.516053	-1.957066	-0.506507	0.715374	-0.009649	-0.019903	0.698391	img__0_1683231528364295000.png
1683231523473	6.520635	-1.872283	-0.498348	0.718320	-0.009933	-0.017590	0.695420	img__0_1683231528408132000.png
1683231523524	6.526761	-1.776006	-0.488978	0.721551	-0.010232	-0.014910	0.692125	img__0_1683231528459128000.png
1683231523572	6.533360	-1.685304	-0.479999	0.724468	-0.010579	-0.012752	0.689110	img__0_1683231528506785000.png
1683231523617	6.540221	-1.600266	-0.471490	0.727100	-0.010813	-0.010575	0.686365	img__0_1683231528553291000.png
1683231523665	6.548197	-1.509632	-0.462158	0.729780	-0.010940	-0.008808	0.683537	img__0_1683231528601372000.png
1683231523731	6.560180	-1.385249	-0.449464	0.733263	-0.011026	-0.005933	0.679830	img__0_1683231528667553000.png
1683231523776	6.568939	-1.300677	-0.440577	0.735476	-0.010871	-0.004328	0.677450	img__0_1683231528711837000.png
1683231523827	6.579367	-1.205125	-0.430380	0.737837	-0.010660	-0.002369	0.674891	img__0_1683231528762694000.png
1683231523875	6.589606	-1.115538	-0.421001	0.739904	-0.010616	-0.001007	0.672628	img__0_1683231528809403000.png
1683231523929	6.601562	-1.015216	-0.411610	0.742085	-0.010100	0.000440	0.670229	img__0_1683231528864307000.png
1683231523974	6.611832	-0.932022	-0.405113	0.743765	-0.009537	0.001180	0.668373	img__0_1683231528910332000.png
1683231524037	6.626595	-0.816194	-0.398813	0.745920	-0.008444	0.001878	0.665979	img__0_1683231528972556000.png
1683231524082	6.637365	-0.733904	-0.396273	0.747350	-0.008267	0.001046	0.664378	img__0_1683231529018382000.png
1683231524136	6.650535	-0.635612	-0.394994	0.749008	-0.009037	0.001700	0.662498	img__0_1683231529072880000.png
1683231524184	6.662477	-0.548679	-0.394661	0.750461	-0.010532	0.001130	0.660830	img__0_1683231529118202000.png
1683231524232	6.674679	-0.462190	-0.394746	0.751873	-0.010556	0.002198	0.659220	img__0_1683231529166377000.png
1683231524280	6.687108	-0.376158	-0.393963	0.753139	-0.010853	0.003624	0.657762	img__0_1683231529216334000.png
1683231524334	6.701302	-0.279957	-0.391664	0.754302	-0.008875	0.004700	0.656451	img__0_1683231529269350000.png
1683231524379	6.713223	-0.200252	-0.389832	0.754890	-0.002827	0.004763	0.655828	img__0_1683231529315099000.png
1683231524433	6.727443	-0.104963	-0.388562	0.755065	0.001542	0.004275	0.655634	img__0_1683231529367617000.png
1683231524502	6.745234	0.016572	-0.387704	0.754573	0.006477	0.004101	0.656172	img__0_1683231529437560000.png
1683231524553	6.757959	0.106439	-0.386849	0.753726	0.009461	0.004529	0.657106	img__0_1683231529487511000.png
1683231524598	6.768785	0.185857	-0.386069	0.752657	0.011574	0.004861	0.658293	img__0_1683231529534159000.png
1683231524643	6.779164	0.265445	-0.385055	0.751316	0.013177	0.005472	0.659789	img__0_1683231529578660000.png
1683231524697	6.790947	0.361221	-0.383583	0.749371	0.014707	0.006089	0.661959	img__0_1683231529633678000.png
1683231524739	6.799549	0.435945	-0.382393	0.747650	0.015572	0.006325	0.663881	img__0_1683231529675644000.png
1683231524787	6.808732	0.521611	-0.380911	0.745436	0.016742	0.007117	0.666329	img__0_1683231529721592000.png
1683231524859	6.821107	0.650664	-0.378148	0.741686	0.017620	0.008204	0.670465	img__0_1683231529794579000.png
1683231524910	6.828786	0.742472	-0.375861	0.738792	0.017731	0.008588	0.673645	img__0_1683231529844591000.png
1683231524958	6.835165	0.829168	-0.373466	0.735933	0.017642	0.008823	0.676767	img__0_1683231529893186000.png
1683231525012	6.841344	0.927020	-0.370671	0.732572	0.017561	0.009179	0.680401	img__0_1683231529946532000.png
1683231525054	6.845417	1.003346	-0.368299	0.729866	0.017362	0.009442	0.683305	img__0_1683231529989893000.png
1683231525096	6.848844	1.079848	-0.365753	0.727089	0.017190	0.009722	0.686259	img__0_1683231530032850000.png
1683231525147	6.852133	1.172960	-0.362404	0.723630	0.016923	0.010131	0.689906	img__0_1683231530082250000.png
1683231525210	6.854862	1.288269	-0.357946	0.719240	0.016817	0.010689	0.694475	img__0_1683231530146164000.png
1683231525261	6.855973	1.381821	-0.354206	0.715588	0.016575	0.011026	0.698239	img__0_1683231530197326000.png
1683231525309	6.856113	1.470012	-0.350550	0.712096	0.016235	0.011470	0.701801	img__0_1683231530245350000.png
1683231525357	6.855386	1.558311	-0.346440	0.708558	0.015540	0.011948	0.705380	img__0_1683231530293893000.png
1683231525408	6.853676	1.652200	-0.341446	0.704760	0.014797	0.012664	0.709178	img__0_1683231530342994000.png
1683231525453	6.851359	1.735060	-0.336701	0.701362	0.014199	0.013487	0.712537	img__0_1683231530390319000.png
1683231525507	6.847573	1.834452	-0.330465	0.697211	0.013626	0.014715	0.716585	img__0_1683231530441986000.png
1683231525555	6.843270	1.922705	-0.324496	0.693456	0.013113	0.015615	0.720210	img__0_1683231530490937000.png
1683231525603	6.838058	2.010813	-0.318338	0.689641	0.012757	0.016511	0.723851	img__0_1683231530538964000.png
1683231525669	6.829386	2.131648	-0.309719	0.684328	0.012250	0.017043	0.728872	img__0_1683231530603820000.png
1683231525717	6.821974	2.219256	-0.303390	0.680401	0.012337	0.017725	0.732522	img__0_1683231530651509000.png
1683231525765	6.813621	2.306610	-0.296971	0.676418	0.012064	0.018219	0.736194	img__0_1683231530699648000.png
1683231525813	6.804317	2.393681	-0.290427	0.672355	0.012386	0.019075	0.739879	img__0_1683231530748374000.png
1683231525861	6.794026	2.480442	-0.283933	0.668195	0.012660	0.019786	0.743616	img__0_1683231530796797000.png
1683231525912	6.781979	2.572262	-0.276908	0.663557	0.013596	0.021867	0.747682	img__0_1683231530847449000.png
1683231525963	6.768690	2.663659	-0.269856	0.658722	0.014289	0.023043	0.751898	img__0_1683231530897614000.png
1683231526032	6.748619	2.786577	-0.260163	0.651846	0.014827	0.024783	0.757801	img__0_1683231530967249000.png
1683231526080	6.733176	2.871536	-0.253203	0.646877	0.014885	0.025537	0.762021	img__0_1683231531016031000.png
1683231526131	6.715406	2.961272	-0.245641	0.641481	0.014869	0.025935	0.766557	img__0_1683231531067007000.png
1683231526179	6.697385	3.045200	-0.238467	0.636306	0.014684	0.026028	0.770858	img__0_1683231531115923000.png
1683231526233	6.675639	3.138992	-0.229963	0.630443	0.013817	0.025683	0.775687	img__0_1683231531168106000.png
1683231526275	6.657683	3.211467	-0.222961	0.625909	0.013018	0.025077	0.779384	img__0_1683231531209972000.png
1683231526329	6.633300	3.304021	-0.213889	0.620137	0.012300	0.024140	0.784026	img__0_1683231531265435000.png
1683231526374	6.611907	3.380610	-0.206286	0.615362	0.011935	0.023557	0.787802	img__0_1683231531310995000.png
1683231526419	6.589571	3.456715	-0.198684	0.610670	0.011537	0.022498	0.791482	img__0_1683231531353771000.png
1683231526485	6.555211	3.567497	-0.187264	0.603952	0.010506	0.021219	0.796669	img__0_1683231531419808000.png
1683231526533	6.529108	3.647456	-0.178486	0.599182	0.009812	0.020590	0.800288	img__0_1683231531468559000.png
1683231526581	6.502109	3.726895	-0.169548	0.594520	0.009107	0.019872	0.803784	img__0_1683231531516923000.png
1683231526629	6.474247	3.805810	-0.160794	0.589997	0.008411	0.018971	0.807139	img__0_1683231531565153000.png
1683231526677	6.445561	3.884201	-0.152563	0.585620	0.007936	0.018317	0.810340	img__0_1683231531614091000.png
1683231526728	6.414225	3.966926	-0.144557	0.581122	0.007405	0.017441	0.813596	img__0_1683231531665713000.png
1683231526776	6.383973	4.044267	-0.137515	0.577032	0.006838	0.016911	0.816518	img__0_1683231531712624000.png
1683231526827	6.351078	4.125905	-0.130238	0.572821	0.006103	0.016525	0.819491	img__0_1683231531762136000.png
1683231526890	6.309439	4.225973	-0.121566	0.567815	0.005263	0.016134	0.822981	img__0_1683231531826566000.png
1683231526941	6.274969	4.306334	-0.114963	0.563964	0.003871	0.015337	0.825648	img__0_1683231531878149000.png
1683231526989	6.241980	4.381434	-0.109108	0.560606	0.001957	0.013704	0.827967	img__0_1683231531925746000.png
1683231527034	6.210667	4.451373	-0.103952	0.557717	-0.000069	0.012624	0.829935	img__0_1683231531973099000.png
1683231527082	6.176959	4.525466	-0.098766	0.554837	-0.001701	0.013544	0.831847	img__0_1683231532020199000.png
1683231527133	6.140857	4.603540	-0.093715	0.551826	-0.003406	0.015778	0.833803	img__0_1683231532071625000.png
1683231527205	6.089420	4.712346	-0.086847	0.547411	-0.007531	0.020686	0.836575	img__0_1683231532143015000.png
1683231527253	6.054866	4.783709	-0.081570	0.544313	-0.011802	0.025070	0.838424	img__0_1683231532192376000.png
1683231527301	6.020160	4.853817	-0.076125	0.541080	-0.015468	0.029361	0.840316	img__0_1683231532238875000.png
1683231527343	5.989692	4.913899	-0.071685	0.538165	-0.018683	0.032388	0.842009	img__0_1683231532280859000.png
1683231527391	5.954814	4.980789	-0.069038	0.535034	-0.020960	0.031524	0.843982	img__0_1683231532330600000.png
1683231527439	5.919997	5.045677	-0.070143	0.532306	-0.021259	0.027464	0.845840	img__0_1683231532377680000.png
1683231527490	5.883195	5.112635	-0.074613	0.529780	-0.020308	0.024611	0.847535	img__0_1683231532429624000.png
1683231527562	5.831597	5.204205	-0.082797	0.526322	-0.017390	0.024803	0.849745	img__0_1683231532499021000.png
1683231527607	5.799461	5.259934	-0.086046	0.523973	-0.014785	0.025227	0.851233	img__0_1683231532544296000.png
1683231527655	5.765175	5.318296	-0.085641	0.521186	-0.011352	0.025510	0.852986	img__0_1683231532594531000.png
1683231527700	5.732895	5.371947	-0.083570	0.518139	-0.003801	0.025129	0.854919	img__0_1683231532637009000.png
1683231527751	5.695889	5.431639	-0.080489	0.514224	0.002178	0.021379	0.857387	img__0_1683231532689875000.png
1683231527793	5.664960	5.480104	-0.077567	0.510683	0.006244	0.019428	0.859527	img__0_1683231532731408000.png
1683231527844	5.626717	5.538308	-0.073619	0.506003	0.010512	0.017958	0.862281	img__0_1683231532782133000.png
1683231527910	5.575883	5.612836	-0.068138	0.499495	0.014316	0.015660	0.866057	img__0_1683231532846844000.png
1683231527955	5.540285	5.663291	-0.063852	0.494833	0.015991	0.014498	0.868720	img__0_1683231532892553000.png
1683231528003	5.501422	5.716881	-0.058946	0.489707	0.017242	0.013417	0.871613	img__0_1683231532940852000.png
1683231528051	5.461612	5.770297	-0.053753	0.484457	0.018052	0.012553	0.874539	img__0_1683231532990567000.png
1683231528105	5.415675	5.830241	-0.047664	0.478504	0.018287	0.010879	0.877828	img__0_1683231533042128000.png
1683231528150	5.376477	5.880124	-0.042499	0.473547	0.018449	0.009998	0.880518	img__0_1683231533088417000.png
1683231528201	5.331067	5.936628	-0.036586	0.467947	0.018238	0.008893	0.883524	img__0_1683231533139593000.png
1683231528264	5.273579	6.006433	-0.029045	0.461099	0.017618	0.008094	0.887137	img__0_1683231533202761000.png
1683231528315	5.225964	6.062965	-0.022735	0.455643	0.017002	0.007201	0.889971	img__0_1683231533254503000.png
1683231528363	5.180300	6.116206	-0.016920	0.450582	0.016626	0.006803	0.892554	img__0_1683231533301852000.png
1683231528423	5.122108	6.182809	-0.009855	0.444351	0.015789	0.006568	0.895690	img__0_1683231533361084000.png
1683231528459	5.086620	6.222792	-0.005632	0.440612	0.015637	0.007266	0.897532	img__0_1683231533398529000.png
1683231528507	5.038640	6.276093	-0.000068	0.435622	0.015324	0.007789	0.899966	img__0_1683231533446595000.png
1683231528555	4.989902	6.329357	0.005355	0.430624	0.014996	0.008287	0.902369	img__0_1683231533494364000.png
1683231528627	4.915375	6.409106	0.013298	0.423072	0.014569	0.009441	0.905930	img__0_1683231533566397000.png
1683231528672	4.867927	6.458807	0.018059	0.418321	0.014287	0.010050	0.908131	img__0_1683231533610002000.png
1683231528723	4.813343	6.514953	0.023260	0.412898	0.013909	0.010700	0.910608	img__0_1683231533662792000.png
1683231528768	4.764468	6.564300	0.027586	0.408108	0.013645	0.010973	0.912766	img__0_1683231533706820000.png
1683231528816	4.711603	6.616713	0.031844	0.402981	0.013354	0.011427	0.915040	img__0_1683231533754847000.png
1683231528864	4.657995	6.668871	0.035884	0.397913	0.012805	0.011088	0.917267	img__0_1683231533803513000.png
1683231528930	4.583126	6.740167	0.041099	0.391042	0.012296	0.011094	0.920224	img__0_1683231533867966000.png
1683231528981	4.524379	6.794910	0.044852	0.385770	0.011959	0.011265	0.922449	img__0_1683231533918499000.png
1683231529026	4.471910	6.842944	0.048003	0.381167	0.011590	0.011097	0.924367	img__0_1683231533965012000.png
1683231529077	4.411752	6.897072	0.051514	0.376005	0.011336	0.011438	0.926478	img__0_1683231534015959000.png
1683231529125	4.354466	6.947696	0.054645	0.371150	0.011181	0.011911	0.928429	img__0_1683231534062559000.png
1683231529170	4.300179	6.994852	0.057517	0.366583	0.010871	0.012281	0.930241	img__0_1683231534109220000.png
1683231529221	4.237984	7.047913	0.060902	0.361403	0.010506	0.012870	0.932262	img__0_1683231534160375000.png
1683231529284	4.160182	7.112841	0.065085	0.354998	0.010095	0.013232	0.934719	img__0_1683231534222076000.png
1683231529335	4.096427	7.164866	0.068415	0.349767	0.009874	0.014203	0.936677	img__0_1683231534272746000.png
1683231529383	4.035782	7.213347	0.071353	0.344789	0.009780	0.014847	0.938512	img__0_1683231534320844000.png
1683231529431	3.974519	7.261323	0.074230	0.339690	0.009720	0.016357	0.940345	img__0_1683231534369438000.png
1683231529479	3.912625	7.308735	0.077094	0.334478	0.009533	0.017227	0.942198	img__0_1683231534417407000.png
1683231529527	3.850092	7.355534	0.079832	0.329153	0.009361	0.018178	0.944055	img__0_1683231534466964000.png
1683231529599	3.755089	7.424479	0.083681	0.320916	0.009027	0.019616	0.946862	img__0_1683231534536439000.png
1683231529647	3.690947	7.469533	0.086013	0.315289	0.008857	0.020181	0.948740	img__0_1683231534586542000.png
1683231529689	3.634300	7.508332	0.088004	0.310303	0.008628	0.020422	0.950379	img__0_1683231534628603000.png
1683231529740	3.564875	7.554645	0.090562	0.304198	0.008139	0.020607	0.952351	img__0_1683231534677792000.png
1683231529788	3.498916	7.597411	0.093108	0.298348	0.007643	0.021423	0.954186	img__0_1683231534726054000.png
1683231529833	3.436545	7.636740	0.095534	0.292764	0.007204	0.022254	0.955899	img__0_1683231534773205000.png
1683231529902	3.339935	7.695518	0.099245	0.284039	0.006559	0.023237	0.958509	img__0_1683231534839906000.png
1683231529947	3.276314	7.732810	0.101646	0.278240	0.006241	0.023718	0.960198	img__0_1683231534884467000.png
1683231529995	3.207929	7.771644	0.104131	0.271942	0.005896	0.024603	0.961981	img__0_1683231534934556000.png
1683231530046	3.134693	7.811788	0.106671	0.265129	0.005549	0.025036	0.963872	img__0_1683231534983625000.png
1683231530091	3.069590	7.846222	0.108757	0.259060	0.005330	0.025198	0.965518	img__0_1683231535031199000.png
1683231530142	2.995281	7.884121	0.111076	0.252080	0.005075	0.026086	0.967341	img__0_1683231535080607000.png
1683231530190	2.924844	7.918662	0.113281	0.245338	0.004875	0.027435	0.969037	img__0_1683231535128770000.png
1683231530256	2.827210	7.964254	0.116314	0.235780	0.004380	0.028311	0.971384	img__0_1683231535193521000.png
1683231530304	2.755651	7.995971	0.118503	0.228681	0.003963	0.028955	0.973063	img__0_1683231535243459000.png
1683231530352	2.683649	8.026427	0.120543	0.221425	0.003621	0.030030	0.974708	img__0_1683231535289973000.png
1683231530403	2.606676	8.057351	0.122452	0.213550	0.003278	0.030633	0.976446	img__0_1683231535341418000.png
1683231530451	2.533807	8.085065	0.124045	0.205987	0.002983	0.031352	0.978048	img__0_1683231535389208000.png
1683231530496	2.465138	8.109796	0.125480	0.198760	0.002531	0.031990	0.979523	img__0_1683231535436191000.png
1683231530571	2.349990	8.148277	0.128092	0.186517	0.001741	0.032056	0.981927	img__0_1683231535510508000.png
1683231530622	2.271253	8.172495	0.130402	0.178133	0.000466	0.031249	0.983510	img__0_1683231535561790000.png
1683231530670	2.196906	8.193882	0.133285	0.170362	-0.000993	0.029880	0.984928	img__0_1683231535608263000.png
1683231530718	2.122411	8.213953	0.136774	0.162752	-0.002427	0.028421	0.986255	img__0_1683231535657385000.png
1683231530760	2.057170	8.230464	0.140162	0.156239	-0.003450	0.027220	0.987338	img__0_1683231535700285000.png
1683231530808	1.982606	8.248173	0.144259	0.148997	-0.004433	0.025624	0.988496	img__0_1683231535746338000.png
1683231530856	1.908103	8.264712	0.148738	0.142034	-0.005624	0.023446	0.989568	img__0_1683231535794311000.png
1683231530919	1.810527	8.284812	0.155458	0.133414	-0.007096	0.020180	0.990830	img__0_1683231535859209000.png
1683231530970	1.731810	8.299890	0.161731	0.127003	-0.008340	0.016709	0.991727	img__0_1683231535907925000.png
1683231531018	1.658030	8.313255	0.168277	0.121511	-0.009420	0.013437	0.992454	img__0_1683231535956541000.png
1683231531066	1.584622	8.325955	0.175181	0.116564	-0.010484	0.010697	0.993070	img__0_1683231536005424000.png
1683231531120	1.502566	8.339597	0.183233	0.111598	-0.011425	0.007990	0.993656	img__0_1683231536060123000.png
1683231531165	1.434672	8.350541	0.189852	0.107955	-0.011519	0.005531	0.994074	img__0_1683231536103410000.png
1683231531213	1.362778	8.361894	0.195966	0.104604	-0.010571	0.002867	0.994454	img__0_1683231536152140000.png
1683231531258	1.295854	8.372347	0.200566	0.101936	-0.009312	0.000943	0.994747	img__0_1683231536198315000.png
1683231531324	1.198435	8.387535	0.205171	0.098775	-0.006704	-0.001793	0.995086	img__0_1683231536264339000.png
1683231531375	1.123643	8.399307	0.206852	0.096943	-0.004304	-0.003553	0.995274	img__0_1683231536314811000.png
1683231531423	1.053517	8.410519	0.207231	0.095611	-0.001723	-0.004013	0.995409	img__0_1683231536361473000.png
1683231531471	0.983528	8.421895	0.207169	0.094544	0.001112	-0.003771	0.995513	img__0_1683231536409891000.png
1683231531519	0.913546	8.433437	0.207347	0.093619	0.004075	-0.002564	0.995596	img__0_1683231536459198000.png
1683231531570	0.839051	8.445835	0.208366	0.092670	0.007011	-0.000763	0.995672	img__0_1683231536508136000.png
1683231531642	0.733360	8.463437	0.211987	0.091254	0.010374	0.001861	0.995772	img__0_1683231536580283000.png
1683231531690	0.662409	8.475136	0.216040	0.090178	0.011288	0.003872	0.995854	img__0_1683231536629826000.png
1683231531732	0.599964	8.485276	0.221046	0.089137	0.011097	0.005464	0.995943	img__0_1683231536671809000.png
1683231531789	0.514690	8.498805	0.230483	0.087596	0.009872	0.007291	0.996080	img__0_1683231536728704000.png
1683231531828	0.456001	8.507840	0.237807	0.086440	0.009051	0.008639	0.996179	img__0_1683231536768420000.png
1683231531879	0.378842	8.519290	0.246983	0.084826	0.008058	0.009948	0.996314	img__0_1683231536818022000.png
1683231531924	0.310403	8.528988	0.254405	0.083312	0.006955	0.010949	0.996439	img__0_1683231536863750000.png
1683231531990	0.209500	8.542420	0.262904	0.081163	0.005182	0.009066	0.996646	img__0_1683231536929194000.png
1683231532038	0.201521	8.542463	0.264283	0.079499	0.007112	0.006171	0.996790	img__0_1683231536978595000.png
1683231532086	0.219872	8.536860	0.266424	0.076657	0.043958	0.001081	0.996087	img__0_1683231537026423000.png
1683231532140	0.237947	8.530671	0.264751	0.073978	0.068785	-0.003260	0.994879	img__0_1683231537079269000.png
1683231532191	0.251054	8.525293	0.259290	0.072121	0.085976	-0.007708	0.993653	img__0_1683231537129996000.png
1683231532239	0.259312	8.520877	0.253304	0.071037	0.097059	-0.011722	0.992671	img__0_1683231537178543000.png
1683231532284	0.263183	8.517472	0.248109	0.070709	0.103651	-0.015523	0.991976	img__0_1683231537223471000.png
1683231532335	0.262949	8.514642	0.243910	0.071402	0.106797	-0.020991	0.991492	img__0_1683231537273313000.png
1683231532395	0.256447	8.512998	0.242448	0.073442	0.106850	-0.026104	0.991215	img__0_1683231537334835000.png
1683231532446	0.245375	8.513360	0.242952	0.075981	0.105360	-0.028662	0.991113	img__0_1683231537386037000.png
1683231532497	0.229150	8.515539	0.244390	0.078999	0.103373	-0.029393	0.991065	img__0_1683231537434885000.png
1683231532545	0.209164	8.519341	0.246054	0.082195	0.101270	-0.029274	0.991026	img__0_1683231537483034000.png
1683231532593	0.184774	8.524819	0.248321	0.085581	0.097870	-0.027946	0.991119	img__0_1683231537532824000.png
1683231532647	0.190810	8.525144	0.250384	0.088113	0.098560	-0.026265	0.990874	img__0_1683231537585020000.png
1683231532689	0.188893	8.527912	0.252081	0.089886	0.102795	-0.024968	0.990318	img__0_1683231537629561000.png
1683231532764	0.188895	8.529202	0.252383	0.092757	0.106084	-0.023302	0.989747	img__0_1683231537704821000.png
1683231532812	0.188917	8.529873	0.252540	0.094620	0.108533	-0.023321	0.989305	img__0_1683231537752235000.png
1683231532866	0.187717	8.532078	0.253333	0.096568	0.110972	-0.023974	0.988830	img__0_1683231537804440000.png
1683231532911	0.188510	8.531677	0.253288	0.098161	0.111281	-0.024318	0.988630	img__0_1683231537851622000.png
1683231532956	0.188577	8.532250	0.253670	0.099864	0.112873	-0.025293	0.988255	img__0_1683231537894153000.png
1683231533004	0.188035	8.533994	0.255087	0.101654	0.113644	-0.026441	0.987954	img__0_1683231537942195000.png
1683231533049	0.188624	8.533879	0.255177	0.103283	0.113686	-0.027430	0.987753	img__0_1683231537988684000.png
1683231533097	0.185656	8.537290	0.258173	0.105492	0.113712	-0.028494	0.987486	img__0_1683231538036020000.png
1683231533163	0.186976	8.539424	0.260359	0.108626	0.114081	-0.030268	0.987051	img__0_1683231538103052000.png
1683231533214	0.188442	8.539165	0.260360	0.110840	0.114072	-0.031219	0.986776	img__0_1683231538152657000.png
1683231533259	0.189272	8.540058	0.261543	0.113130	0.112863	-0.031781	0.986637	img__0_1683231538197680000.png
1683231533307	0.187715	8.542593	0.263942	0.115544	0.112896	-0.032877	0.986318	img__0_1683231538246358000.png
1683231533358	0.188574	8.542434	0.263917	0.117907	0.112671	-0.033848	0.986031	img__0_1683231538297105000.png
1683231533406	0.189682	8.543555	0.265363	0.120415	0.112016	-0.034481	0.985781	img__0_1683231538345370000.png
1683231533472	0.189785	8.545452	0.267240	0.123914	0.111609	-0.035270	0.985365	img__0_1683231538410531000.png
1683231533520	0.189813	8.546698	0.268462	0.126771	0.110723	-0.036184	0.985069	img__0_1683231538458364000.png
1683231533568	0.190628	8.551038	0.273169	0.129806	0.110406	-0.036996	0.984679	img__0_1683231538507174000.png
1683231533616	0.191853	8.552247	0.274711	0.132982	0.108472	-0.037293	0.984459	img__0_1683231538555086000.png
1683231533664	0.191922	8.557870	0.280774	0.136457	0.107500	-0.037740	0.984073	img__0_1683231538602331000.png
1683231533712	0.194073	8.559631	0.283643	0.139796	0.105515	-0.037593	0.983824	img__0_1683231538651915000.png
1683231533763	0.194364	8.563051	0.288255	0.143470	0.102646	-0.036468	0.983641	img__0_1683231538702312000.png
1683231533838	0.195966	8.572928	0.305364	0.148925	0.097208	-0.034070	0.983469	img__0_1683231538778292000.png
1683231533883	0.198740	8.574182	0.308434	0.151610	0.094792	-0.032018	0.983364	img__0_1683231538822602000.png
1683231533925	0.198417	8.580628	0.318637	0.154178	0.092177	-0.029589	0.983289	img__0_1683231538865816000.png
1683231533985	0.201615	8.584210	0.325915	0.157263	0.090096	-0.027510	0.983054	img__0_1683231538925159000.png
1683231534024	0.202917	8.585858	0.329469	0.159141	0.087881	-0.026125	0.982990	img__0_1683231538963517000.png
1683231534072	0.204172	8.586981	0.332438	0.161142	0.086947	-0.024833	0.982780	img__0_1683231539010843000.png
1683231534120	0.205227	8.592692	0.345096	0.163320	0.085571	-0.024382	0.982553	img__0_1683231539060257000.png
1683231534171	0.206720	8.594400	0.350180	0.165398	0.082750	-0.022816	0.982484	img__0_1683231539109883000.png
1683231534243	0.208494	8.602775	0.373740	0.168255	0.080103	-0.020991	0.982259	img__0_1683231539183240000.png
1683231534294	0.209002	8.605633	0.380751	0.169919	0.076820	-0.018506	0.982285	img__0_1683231539232970000.png
1683231534339	0.209824	8.605070	0.379397	0.170982	0.074382	-0.016148	0.982330	img__0_1683231539279665000.png
1683231534390	0.210825	8.607648	0.386607	0.171897	0.071996	-0.013755	0.982384	img__0_1683231539329910000.png
1683231534429	0.211640	8.609846	0.394038	0.172378	0.070177	-0.011683	0.982458	img__0_1683231539370102000.png
1683231534480	0.212164	8.610057	0.395014	0.172790	0.068123	-0.010171	0.982547	img__0_1683231539418762000.png
1683231534528	0.212742	8.612275	0.406215	0.172998	0.065899	-0.008395	0.982679	img__0_1683231539466750000.png
1683231534576	0.213219	8.613338	0.413292	0.173002	0.064076	-0.006816	0.982811	img__0_1683231539515191000.png
1683231534639	0.213508	8.614026	0.419172	0.172790	0.061673	-0.004942	0.983014	img__0_1683231539579719000.png
1683231534690	0.213746	8.614814	0.427013	0.172446	0.059591	-0.003481	0.983209	img__0_1683231539628570000.png
1683231534738	0.214006	8.615270	0.432622	0.172024	0.057701	-0.002405	0.983398	img__0_1683231539676587000.png
1683231534786	0.214226	8.615877	0.441137	0.171580	0.056005	-0.002114	0.983575	img__0_1683231539724355000.png
1683231534837	0.214372	8.616481	0.451493	0.171154	0.054219	-0.002547	0.983748	img__0_1683231539776943000.png
1683231534882	0.214549	8.616872	0.458941	0.170885	0.053287	-0.003887	0.983841	img__0_1683231539823137000.png
1683231534948	0.214463	8.617716	0.475921	0.170788	0.054289	-0.007727	0.983781	img__0_1683231539888051000.png
1683231534996	0.214570	8.618149	0.482973	0.170895	0.055673	-0.010170	0.983663	img__0_1683231539934816000.png
1683231535044	0.214712	8.618654	0.489567	0.171189	0.057355	-0.013046	0.983481	img__0_1683231539984753000.png
1683231535095	0.214912	8.619287	0.495851	0.171658	0.059692	-0.015697	0.983221	img__0_1683231540033594000.png
1683231535146	0.215700	8.619413	0.497181	0.172230	0.062124	-0.017339	0.982943	img__0_1683231540085515000.png
1683231535194	0.215399	8.621115	0.509246	0.172762	0.064721	-0.017624	0.982677	img__0_1683231540133642000.png
1683231535239	0.215862	8.623138	0.521748	0.173325	0.067550	-0.018524	0.982371	img__0_1683231540179539000.png
1683231535290	0.216181	8.624944	0.527335	0.173917	0.071586	-0.018459	0.981981	img__0_1683231540229754000.png
1683231535362	0.217565	8.625812	0.526606	0.174516	0.077140	-0.017159	0.981478	img__0_1683231540301729000.png
1683231535404	0.218104	8.626821	0.528344	0.174801	0.080422	-0.016453	0.981176	img__0_1683231540342812000.png
1683231535449	0.218654	8.628215	0.530524	0.175071	0.083745	-0.015835	0.980860	img__0_1683231540389972000.png
1683231535503	0.219091	8.628860	0.531435	0.175448	0.087298	-0.016199	0.980477	img__0_1683231540442023000.png
1683231535548	0.220045	8.631937	0.534972	0.175833	0.090849	-0.016786	0.980075	img__0_1683231540488131000.png
1683231535602	0.220864	8.633922	0.535997	0.176171	0.095365	-0.016904	0.979583	img__0_1683231540541481000.png
1683231535650	0.221749	8.634769	0.535622	0.176507	0.099546	-0.017275	0.979100	img__0_1683231540588930000.png
1683231535710	0.222768	8.636466	0.534675	0.176738	0.104958	-0.016822	0.978501	img__0_1683231540651424000.png
1683231535761	0.221858	8.640194	0.531479	0.176918	0.109365	-0.017146	0.977980	img__0_1683231540701744000.png
1683231535812	0.223734	8.642243	0.530347	0.176922	0.111355	-0.016866	0.977760	img__0_1683231540750750000.png
1683231535857	0.220889	8.648094	0.526739	0.176836	0.113089	-0.016747	0.977578	img__0_1683231540796949000.png
1683231535905	0.223911	8.650701	0.525679	0.176790	0.114412	-0.016882	0.977430	img__0_1683231540845256000.png
1683231535956	0.221627	8.659579	0.521886	0.176464	0.114795	-0.015120	0.977473	img__0_1683231540895718000.png
1683231536019	0.223655	8.666243	0.520038	0.175952	0.115005	-0.013015	0.977571	img__0_1683231540958098000.png
1683231536067	0.219768	8.676449	0.517709	0.175658	0.113857	-0.012690	0.977763	img__0_1683231541007324000.png
1683231536118	0.223453	8.681059	0.517272	0.175122	0.114280	-0.010304	0.977838	img__0_1683231541057667000.png
1683231536166	0.222515	8.685876	0.516651	0.174491	0.112955	-0.008567	0.978121	img__0_1683231541105398000.png
1683231536214	0.223348	8.695957	0.515894	0.173592	0.113184	-0.006042	0.978274	img__0_1683231541153821000.png
1683231536265	0.222570	8.701647	0.515523	0.172460	0.111587	-0.003877	0.978668	img__0_1683231541204831000.png
1683231536328	0.222256	8.715081	0.515073	0.170548	0.111497	-0.000299	0.979021	img__0_1683231541267281000.png
1683231536376	0.223029	8.719311	0.515047	0.168839	0.109929	0.001962	0.979492	img__0_1683231541315159000.png
1683231536427	0.222228	8.729746	0.514603	0.166418	0.110783	0.005203	0.979799	img__0_1683231541365322000.png
1683231536472	0.222612	8.734533	0.514275	0.164159	0.109563	0.007201	0.980304	img__0_1683231541411724000.png
1683231536523	0.221649	8.743929	0.513092	0.161104	0.110580	0.009272	0.980679	img__0_1683231541463514000.png
1683231536571	0.222275	8.747833	0.512458	0.158110	0.109389	0.010736	0.981285	img__0_1683231541511710000.png
1683231536616	0.222047	8.755012	0.510928	0.155024	0.110414	0.011284	0.981656	img__0_1683231541556493000.png
1683231536671	0.220835	8.758544	0.510230	0.151240	0.108568	0.011281	0.982452	img__0_1683231541611078000.png
1683231536737	0.222745	8.767485	0.511958	0.146464	0.106035	0.011295	0.983452	img__0_1683231541674732000.png
1683231536785	0.219049	8.774204	0.516682	0.142585	0.103834	0.011657	0.984252	img__0_1683231541723546000.png
1683231536830	0.220819	8.775535	0.517755	0.139188	0.101049	0.011218	0.985033	img__0_1683231541770371000.png
1683231536878	0.222282	8.781240	0.522128	0.135389	0.101499	0.010951	0.985519	img__0_1683231541818085000.png
1683231536929	0.218751	8.787450	0.526924	0.131125	0.099513	0.010310	0.986305	img__0_1683231541868991000.png
1683231536977	0.220392	8.789128	0.528653	0.127393	0.096362	0.009641	0.987113	img__0_1683231541915505000.png
1683231537025	0.221549	8.794111	0.534241	0.123595	0.096115	0.009040	0.987626	img__0_1683231541964645000.png
1683231537097	0.215413	8.801822	0.544563	0.117544	0.092003	0.008525	0.988760	img__0_1683231542037142000.png
1683231537145	0.220066	8.803406	0.547640	0.113963	0.090228	0.008711	0.989341	img__0_1683231542084378000.png
1683231537193	0.219274	8.807828	0.555459	0.109971	0.089163	0.009160	0.989885	img__0_1683231542131189000.png
1683231537238	0.214880	8.812004	0.563230	0.106061	0.087154	0.009262	0.990489	img__0_1683231542177348000.png
1683231537286	0.218499	8.813281	0.566199	0.102408	0.085298	0.009170	0.991036	img__0_1683231542224242000.png
1683231537343	0.217656	8.817620	0.575861	0.097737	0.084957	0.009179	0.991537	img__0_1683231542282277000.png
1683231537382	0.213903	8.820560	0.582501	0.094348	0.084123	0.009385	0.991934	img__0_1683231542321874000.png
1683231537457	0.217155	8.823155	0.589165	0.088515	0.084012	0.009480	0.992480	img__0_1683231542396334000.png
1683231537508	0.214333	8.826105	0.596711	0.084122	0.083286	0.010104	0.992917	img__0_1683231542446812000.png
1683231537556	0.214321	8.826829	0.598773	0.080159	0.081763	0.010159	0.993371	img__0_1683231542495339000.png
1683231537604	0.215439	8.828798	0.605279	0.076386	0.082680	0.009764	0.993596	img__0_1683231542543635000.png
1683231537643	0.213610	8.830286	0.610834	0.073196	0.081876	0.009288	0.993908	img__0_1683231542583615000.png
1683231537694	0.212119	8.831017	0.613913	0.069133	0.080264	0.008780	0.994335	img__0_1683231542634178000.png
1683231537742	0.213216	8.832201	0.620520	0.065522	0.080936	0.008826	0.994524	img__0_1683231542682057000.png
1683231537790	0.210631	8.833226	0.627218	0.061659	0.080444	0.008986	0.994810	img__0_1683231542729993000.png
1683231537865	0.211591	8.833651	0.632266	0.056022	0.080773	0.009140	0.995115	img__0_1683231542805366000.png
1683231537913	0.209128	8.833933	0.637368	0.052151	0.081751	0.009861	0.995239	img__0_1683231542853323000.png
1683231537958	0.210181	8.833837	0.638701	0.048738	0.081840	0.010508	0.995398	img__0_1683231542896242000.png
1683231538006	0.208993	8.833442	0.642680	0.044932	0.083683	0.010847	0.995420	img__0_1683231542945315000.png
1683231538054	0.208215	8.833236	0.643893	0.041117	0.083727	0.010863	0.995581	img__0_1683231542993363000.png
1683231538102	0.208231	8.832155	0.647142	0.037510	0.085802	0.010643	0.995549	img__0_1683231543040150000.png
1683231538147	0.204634	8.830831	0.649871	0.033998	0.086694	0.009690	0.995608	img__0_1683231543086959000.png
1683231538213	0.205592	8.829271	0.651622	0.029670	0.089643	0.008560	0.995495	img__0_1683231543152300000.png
1683231538261	0.205907	8.828665	0.652009	0.026559	0.090461	0.007858	0.995515	img__0_1683231543200719000.png
1683231538309	0.204089	8.826553	0.652500	0.023475	0.093592	0.007628	0.995305	img__0_1683231543249211000.png
1683231538360	0.204862	8.826364	0.652307	0.020800	0.094832	0.007219	0.995250	img__0_1683231543299769000.png
1683231538408	0.201766	8.824309	0.651038	0.018023	0.097522	0.007588	0.995041	img__0_1683231543346556000.png
1683231538456	0.203457	8.824371	0.651010	0.015764	0.098954	0.007701	0.994937	img__0_1683231543395848000.png
1683231538507	0.202983	8.823592	0.650153	0.013271	0.101655	0.007726	0.994701	img__0_1683231543446205000.png
1683231538570	0.201040	8.821455	0.647048	0.010404	0.104515	0.008842	0.994430	img__0_1683231543508210000.png
1683231538621	0.202099	8.821353	0.646917	0.008301	0.105702	0.009207	0.994321	img__0_1683231543561243000.png
1683231538669	0.201443	8.820404	0.645383	0.006273	0.107609	0.008869	0.994134	img__0_1683231543607463000.png
1683231538717	0.200659	8.818928	0.643037	0.004613	0.109505	0.008206	0.993942	img__0_1683231543656060000.png
1683231538765	0.200648	8.818160	0.641836	0.002736	0.110247	0.008587	0.993863	img__0_1683231543705102000.png
1683231538816	0.198418	8.816343	0.638684	0.001028	0.112578	0.008386	0.993607	img__0_1683231543756335000.png
1683231538867	0.199793	8.816420	0.638868	-0.000541	0.113250	0.008352	0.993531	img__0_1683231543805157000.png
1683231538912	0.200330	8.815587	0.637247	-0.002041	0.114820	0.008862	0.993345	img__0_1683231543852547000.png
1683231538984	0.199949	8.813258	0.632191	-0.004756	0.117187	0.009136	0.993057	img__0_1683231543923736000.png
1683231539038	0.199877	8.810047	0.624911	-0.006811	0.119991	0.008474	0.992716	img__0_1683231543976441000.png
1683231539083	0.200050	8.809102	0.622806	-0.008479	0.120186	0.007654	0.992686	img__0_1683231544022331000.png
1683231539125	0.200725	8.806466	0.616573	-0.009977	0.122958	0.006854	0.992338	img__0_1683231544064196000.png
1683231539176	0.199604	8.804566	0.611860	-0.011699	0.123389	0.005717	0.992273	img__0_1683231544116304000.png
1683231539224	0.200471	8.801606	0.604633	-0.013146	0.125623	0.004449	0.991981	img__0_1683231544163831000.png
1683231539284	0.200241	8.799531	0.599522	-0.014610	0.125068	0.002335	0.992038	img__0_1683231544224851000.png
1683231539335	0.199850	8.796694	0.591901	-0.015413	0.126890	-0.000335	0.991797	img__0_1683231544275142000.png
1683231539380	0.200268	8.795630	0.588511	-0.016037	0.126120	-0.001128	0.991885	img__0_1683231544320472000.png
1683231539431	0.199530	8.793438	0.579299	-0.017172	0.127493	0.000716	0.991691	img__0_1683231544370928000.png
1683231539485	0.200853	8.792497	0.574327	-0.018443	0.126266	0.001983	0.991823	img__0_1683231544423644000.png
1683231539530	0.199708	8.790887	0.564703	-0.019946	0.127506	0.004648	0.991626	img__0_1683231544469550000.png
1683231539578	0.200530	8.790268	0.560509	-0.021686	0.126010	0.006473	0.991771	img__0_1683231544518959000.png
1683231539629	0.200560	8.788420	0.548470	-0.023869	0.127404	0.008419	0.991528	img__0_1683231544568972000.png
1683231539692	0.200716	8.787240	0.541445	-0.026815	0.125445	0.010019	0.991688	img__0_1683231544632369000.png
1683231539743	0.201273	8.784979	0.529324	-0.029396	0.127286	0.010967	0.991370	img__0_1683231544681589000.png
1683231539794	0.200015	8.783834	0.523942	-0.032141	0.126015	0.011855	0.991437	img__0_1683231544732437000.png
1683231539839	0.202147	8.781589	0.513834	-0.034647	0.126806	0.012316	0.991246	img__0_1683231544779596000.png
1683231539887	0.198603	8.778426	0.502396	-0.037345	0.125462	0.011802	0.991325	img__0_1683231544827986000.png
1683231539935	0.202463	8.777678	0.500065	-0.039754	0.123811	0.011266	0.991445	img__0_1683231544875825000.png
1683231539983	0.201053	8.774485	0.492437	-0.042195	0.122636	0.010395	0.991500	img__0_1683231544923172000.png
1683231540049	0.203014	8.772693	0.490481	-0.045118	0.118756	0.008696	0.991860	img__0_1683231544989628000.png
1683231540100	0.201409	8.769368	0.489163	-0.047308	0.116817	0.008006	0.991994	img__0_1683231545041049000.png
1683231540148	0.202939	8.768733	0.489609	-0.048995	0.113706	0.006647	0.992283	img__0_1683231545088941000.png
1683231540196	0.203040	8.766115	0.491704	-0.050578	0.112959	0.005620	0.992296	img__0_1683231545136251000.png
1683231540250	0.203994	8.765130	0.493201	-0.052200	0.109992	0.005339	0.992546	img__0_1683231545188986000.png
1683231540295	0.203088	8.762932	0.496262	-0.053557	0.109715	0.005545	0.992504	img__0_1683231545234670000.png
1683231540340	0.204205	8.762600	0.497028	-0.054700	0.107523	0.005109	0.992684	img__0_1683231545280390000.png
1683231540415	0.201736	8.759406	0.502163	-0.056446	0.106714	0.004378	0.992677	img__0_1683231545354610000.png
1683231540466	0.205271	8.759503	0.503002	-0.057444	0.106173	0.004255	0.992678	img__0_1683231545404590000.png
1683231540511	0.202442	8.757815	0.505550	-0.058355	0.105760	0.004428	0.992668	img__0_1683231545451919000.png
1683231540553	0.205715	8.758096	0.505721	-0.059082	0.105494	0.004361	0.992654	img__0_1683231545493999000.png
1683231540604	0.203042	8.756604	0.507581	-0.059916	0.105863	0.004227	0.992565	img__0_1683231545543277000.png
1683231540655	0.205888	8.756687	0.508099	-0.060809	0.105410	0.004908	0.992556	img__0_1683231545594074000.png
1683231540703	0.203451	8.755566	0.509937	-0.061654	0.105159	0.005313	0.992528	img__0_1683231545642684000.png
1683231540751	0.206020	8.755711	0.510676	-0.062514	0.104417	0.005933	0.992549	img__0_1683231545691491000.png
1683231540799	0.203552	8.754739	0.512544	-0.063271	0.104919	0.005649	0.992450	img__0_1683231545740147000.png
1683231540865	0.205820	8.754703	0.513303	-0.064158	0.105523	0.004991	0.992332	img__0_1683231545804444000.png
1683231540916	0.206482	8.754620	0.513766	-0.064744	0.104964	0.004751	0.992355	img__0_1683231545857090000.png
1683231540961	0.204828	8.754103	0.514704	-0.065203	0.105812	0.004440	0.992236	img__0_1683231545901355000.png
1683231541015	0.206572	8.754283	0.515119	-0.065693	0.105832	0.004376	0.992202	img__0_1683231545954709000.png
1683231541060	0.206296	8.754218	0.515348	-0.066082	0.105913	0.004563	0.992167	img__0_1683231546000897000.png
1683231541108	0.206283	8.754239	0.515740	-0.066586	0.106750	0.005115	0.992041	img__0_1683231546047509000.png
1683231541159	0.207011	8.754382	0.515785	-0.067103	0.106156	0.005532	0.992067	img__0_1683231546100271000.png
1683231541222	0.203563	8.754127	0.515312	-0.067781	0.107053	0.006045	0.991922	img__0_1683231546160765000.png
1683231541270	0.206710	8.754594	0.515214	-0.068323	0.106811	0.006409	0.991908	img__0_1683231546210052000.png
1683231541324	0.203766	8.754416	0.514311	-0.068849	0.107593	0.006128	0.991789	img__0_1683231546263466000.png
1683231541369	0.206684	8.754838	0.514400	-0.069419	0.107086	0.006881	0.991800	img__0_1683231546310708000.png
1683231541420	0.206525	8.754882	0.514246	-0.069946	0.107544	0.006734	0.991714	img__0_1683231546358947000.png
1683231541465	0.206494	8.755024	0.514038	-0.070380	0.108135	0.006359	0.991621	img__0_1683231546404668000.png
1683231541516	0.207212	8.755190	0.514023	-0.070839	0.107249	0.006269	0.991686	img__0_1683231546456053000.png
1683231541567	0.205529	8.755177	0.513889	-0.071312	0.108085	0.006413	0.991560	img__0_1683231546505795000.png
1683231541630	0.207032	8.755545	0.513960	-0.071881	0.107334	0.006451	0.991600	img__0_1683231546570617000.png
1683231541678	0.204678	8.755492	0.513791	-0.072267	0.107907	0.006260	0.991511	img__0_1683231546617548000.png
1683231541726	0.207134	8.755930	0.513852	-0.072639	0.107559	0.006186	0.991522	img__0_1683231546665625000.png
1683231541774	0.204413	8.755879	0.513644	-0.073018	0.107977	0.006341	0.991448	img__0_1683231546715665000.png
1683231541825	0.206881	8.756383	0.513690	-0.073415	0.107685	0.006412	0.991450	img__0_1683231546764278000.png
1683231541873	0.204010	8.756358	0.513486	-0.073794	0.107891	0.006575	0.991398	img__0_1683231546813392000.png
1683231541945	0.206184	8.756980	0.513449	-0.074405	0.108326	0.006971	0.991303	img__0_1683231546886360000.png
1683231541996	0.206475	8.757164	0.513398	-0.074836	0.107343	0.007087	0.991376	img__0_1683231546934564000.png
1683231542035	0.206487	8.757467	0.513223	-0.075175	0.108282	0.007145	0.991248	img__0_1683231546976157000.png
1683231542086	0.207283	8.757706	0.513193	-0.075579	0.107558	0.007083	0.991297	img__0_1683231547025549000.png
1683231542140	0.204782	8.757727	0.513164	-0.076039	0.107734	0.007252	0.991241	img__0_1683231547079078000.png
1683231542179	0.207456	8.758164	0.513225	-0.076359	0.107530	0.007288	0.991238	img__0_1683231547118660000.png
1683231542230	0.204143	8.758030	0.513201	-0.076769	0.107496	0.007278	0.991210	img__0_1683231547169366000.png
1683231542293	0.207074	8.758679	0.513855	-0.077249	0.107612	0.007146	0.991162	img__0_1683231547232383000.png
1683231542344	0.206617	8.758767	0.514014	-0.077575	0.106617	0.006864	0.991246	img__0_1683231547285125000.png
1683231542392	0.206810	8.759183	0.514631	-0.077975	0.107471	0.007299	0.991119	img__0_1683231547331124000.png
1683231542440	0.206274	8.759227	0.514733	-0.078305	0.106700	0.007220	0.991177	img__0_1683231547381261000.png
1683231542491	0.206934	8.759751	0.514830	-0.078742	0.107519	0.007524	0.991051	img__0_1683231547430491000.png
1683231542539	0.206635	8.759858	0.514874	-0.079121	0.106658	0.007613	0.991113	img__0_1683231547478562000.png
1683231542602	0.205861	8.760242	0.514991	-0.079742	0.107337	0.008226	0.990986	img__0_1683231547543513000.png
1683231542650	0.207056	8.760533	0.515076	-0.080169	0.106230	0.008126	0.991071	img__0_1683231547591464000.png
1683231542698	0.206247	8.760741	0.514829	-0.080670	0.107793	0.008569	0.990858	img__0_1683231547639383000.png
1683231542746	0.207332	8.760994	0.514815	-0.081150	0.106573	0.008566	0.990951	img__0_1683231547687832000.png
1683231542794	0.206319	8.761088	0.514304	-0.081600	0.108208	0.008459	0.990738	img__0_1683231547735662000.png
1683231542839	0.207354	8.761304	0.514242	-0.082014	0.107120	0.008356	0.990822	img__0_1683231547780361000.png
1683231542914	0.204380	8.761151	0.513630	-0.082667	0.107755	0.008156	0.990701	img__0_1683231547854964000.png
1683231542962	0.207865	8.761773	0.513643	-0.083077	0.107910	0.008162	0.990650	img__0_1683231547903012000.png
1683231543010	0.204898	8.761501	0.513209	-0.083468	0.108048	0.008048	0.990603	img__0_1683231547949983000.png
1683231543055	0.207897	8.762060	0.513160	-0.083768	0.108219	0.007738	0.990561	img__0_1683231547994665000.png
1683231543103	0.205096	8.761845	0.512619	-0.084090	0.108522	0.007680	0.990501	img__0_1683231548043993000.png
1683231543148	0.208002	8.762395	0.512720	-0.084372	0.108040	0.007551	0.990531	img__0_1683231548089631000.png
1683231543199	0.205761	8.762348	0.512481	-0.084687	0.108467	0.007596	0.990457	img__0_1683231548139437000.png
1683231543268	0.207664	8.762943	0.512969	-0.085112	0.107657	0.007610	0.990509	img__0_1683231548207444000.png
1683231543310	0.205788	8.762984	0.513402	-0.085372	0.107819	0.007704	0.990468	img__0_1683231548251515000.png
1683231543358	0.206775	8.763287	0.513665	-0.085625	0.106556	0.007518	0.990585	img__0_1683231548300081000.png
1683231543409	0.206569	8.763754	0.514221	-0.085896	0.108000	0.007618	0.990404	img__0_1683231548348758000.png
1683231543460	0.207496	8.764117	0.514272	-0.086152	0.107180	0.007606	0.990471	img__0_1683231548399595000.png
1683231543508	0.206040	8.764380	0.513930	-0.086399	0.108319	0.007824	0.990324	img__0_1683231548447379000.png
1683231543553	0.207189	8.764693	0.513903	-0.086620	0.107346	0.007844	0.990410	img__0_1683231548494851000.png
1683231543607	0.206540	8.765154	0.513522	-0.086945	0.108579	0.008295	0.990244	img__0_1683231548547583000.png
1683231543670	0.206754	8.765506	0.513386	-0.087338	0.107065	0.008519	0.990372	img__0_1683231548609358000.png
1683231543718	0.206592	8.765971	0.512934	-0.087614	0.108879	0.008497	0.990150	img__0_1683231548657896000.png
1683231543766	0.201454	8.765597	0.512303	-0.087905	0.107851	0.008582	0.990236	img__0_1683231548707423000.png
1683231543814	0.207097	8.766670	0.512429	-0.088228	0.108398	0.008811	0.990145	img__0_1683231548753531000.png
1683231543865	0.203503	8.766540	0.512536	-0.088555	0.107480	0.008663	0.990218	img__0_1683231548804908000.png
1683231543913	0.206897	8.767288	0.513053	-0.088837	0.106995	0.008533	0.990246	img__0_1683231548854286000.png
1683231543976	0.206268	8.767490	0.513692	-0.089203	0.106797	0.008653	0.990234	img__0_1683231548916832000.png
1683231544024	0.206743	8.768013	0.514182	-0.089542	0.107859	0.009058	0.990084	img__0_1683231548966851000.png
1683231544072	0.202221	8.767658	0.514146	-0.089936	0.106905	0.009452	0.990148	img__0_1683231549013827000.png
1683231544123	0.207171	8.768634	0.514139	-0.090270	0.108011	0.009302	0.989999	img__0_1683231549064865000.png
1683231544168	0.203713	8.768367	0.513867	-0.090624	0.107487	0.009452	0.990022	img__0_1683231549111146000.png
1683231544219	0.207113	8.769090	0.513990	-0.090998	0.107095	0.009394	0.990031	img__0_1683231549159805000.png
1683231544288	0.203262	8.768868	0.513468	-0.091522	0.107770	0.009501	0.989909	img__0_1683231549229641000.png
1683231544339	0.207332	8.769683	0.513402	-0.091924	0.108161	0.009646	0.989827	img__0_1683231549281329000.png
1683231544387	0.204475	8.769432	0.512740	-0.092295	0.108337	0.009627	0.989774	img__0_1683231549327985000.png
1683231544429	0.206644	8.769869	0.512779	-0.092616	0.107334	0.009569	0.989854	img__0_1683231549370841000.png
1683231544477	0.206659	8.770104	0.512431	-0.093039	0.108731	0.009928	0.989658	img__0_1683231549418694000.png
1683231544525	0.201943	8.769459	0.512954	-0.093408	0.106986	0.009546	0.989817	img__0_1683231549466285000.png
1683231544573	0.207229	8.770498	0.513582	-0.093827	0.107212	0.009869	0.989750	img__0_1683231549514962000.png
1683231544639	0.201518	8.769711	0.515398	-0.094469	0.105727	0.010132	0.989846	img__0_1683231549582274000.png
1683231544687	0.207189	8.770811	0.515558	-0.095002	0.106509	0.010864	0.989703	img__0_1683231549629661000.png
1683231544735	0.203879	8.770306	0.515745	-0.095600	0.106271	0.011167	0.989668	img__0_1683231549677802000.png
1683231544783	0.207115	8.770928	0.515646	-0.096232	0.106224	0.011677	0.989606	img__0_1683231549726188000.png
1683231544831	0.205347	8.770565	0.514767	-0.096947	0.107320	0.012185	0.989412	img__0_1683231549772720000.png
1683231544879	0.207597	8.770942	0.514495	-0.097700	0.107068	0.012659	0.989359	img__0_1683231549822456000.png
1683231544930	0.205365	8.770267	0.513140	-0.098580	0.107789	0.012976	0.989189	img__0_1683231549871750000.png
1683231544981	0.207895	8.770606	0.512949	-0.099385	0.107622	0.012748	0.989130	img__0_1683231549924313000.png
1683231545041	0.204260	8.769349	0.512300	-0.100397	0.107565	0.012690	0.989035	img__0_1683231549984098000.png
1683231545089	0.207705	8.769908	0.512577	-0.101100	0.106784	0.012116	0.989055	img__0_1683231550031570000.png
1683231545137	0.206766	8.769206	0.513008	-0.101865	0.107193	0.012127	0.988932	img__0_1683231550080171000.png
1683231545188	0.207554	8.769176	0.513437	-0.102637	0.105633	0.011862	0.989023	img__0_1683231550129234000.png
1683231545236	0.207692	8.768661	0.514672	-0.103343	0.106705	0.011723	0.988836	img__0_1683231550178305000.png
1683231545311	0.208088	8.767091	0.515934	-0.104322	0.105023	0.011182	0.988920	img__0_1683231550252740000.png
1683231545356	0.207255	8.764506	0.516546	-0.104784	0.106554	0.010665	0.988713	img__0_1683231550299471000.png
1683231545401	0.208768	8.764396	0.516585	-0.105260	0.105902	0.010128	0.988738	img__0_1683231550343536000.png
1683231545455	0.208097	8.762026	0.516278	-0.105922	0.107229	0.010095	0.988524	img__0_1683231550397094000.png
1683231545503	0.209859	8.762011	0.516256	-0.106512	0.106497	0.009955	0.988542	img__0_1683231550445935000.png
1683231545545	0.209048	8.760545	0.515765	-0.106998	0.107789	0.009795	0.988351	img__0_1683231550487281000.png
1683231545593	0.209973	8.760403	0.515680	-0.107525	0.106781	0.009522	0.988406	img__0_1683231550535513000.png
1683231545662	0.208183	8.758543	0.515188	-0.108303	0.107489	0.009641	0.988243	img__0_1683231550603004000.png
1683231545710	0.210963	8.759029	0.515262	-0.108838	0.107324	0.009810	0.988200	img__0_1683231550650908000.png
1683231545758	0.208275	8.757779	0.515077	-0.109359	0.107315	0.009853	0.988143	img__0_1683231550700944000.png
1683231545806	0.211136	8.758322	0.515275	-0.109841	0.106871	0.009819	0.988138	img__0_1683231550747045000.png
1683231545854	0.208949	8.757425	0.515492	-0.110381	0.106945	0.010312	0.988065	img__0_1683231550796735000.png
1683231545902	0.211389	8.757917	0.515819	-0.110930	0.106340	0.010644	0.988065	img__0_1683231550844368000.png
1683231545953	0.208557	8.757016	0.516394	-0.111590	0.106110	0.011270	0.988009	img__0_1683231550894602000.png
1683231546016	0.211186	8.757504	0.516971	-0.112372	0.106167	0.011488	0.987912	img__0_1683231550958776000.png
1683231546064	0.207424	8.756464	0.517685	-0.113034	0.105307	0.011832	0.987924	img__0_1683231551005372000.png
1683231546112	0.211287	8.757308	0.517783	-0.113595	0.106049	0.011688	0.987782	img__0_1683231551055537000.png
1683231546160	0.207291	8.756231	0.518322	-0.114172	0.105119	0.011517	0.987817	img__0_1683231551103420000.png
1683231546211	0.211284	8.757136	0.518450	-0.114626	0.106137	0.010886	0.987663	img__0_1683231551154058000.png
1683231546262	0.210647	8.756960	0.518524	-0.115078	0.105432	0.010777	0.987687	img__0_1683231551204278000.png
1683231546307	0.211423	8.757139	0.518644	-0.115551	0.106356	0.011142	0.987528	img__0_1683231551249863000.png
1683231546358	0.207195	8.756204	0.518666	-0.115907	0.105718	0.010387	0.987563	img__0_1683231551300094000.png
1683231546427	0.210093	8.757035	0.518085	-0.116457	0.107103	0.010773	0.987345	img__0_1683231551369899000.png
1683231546478	0.211533	8.757450	0.518037	-0.116829	0.106238	0.010688	0.987396	img__0_1683231551421759000.png
1683231546523	0.210091	8.757344	0.517275	-0.117099	0.107644	0.010619	0.987212	img__0_1683231551465124000.png
1683231546568	0.211926	8.757855	0.517492	-0.117292	0.107116	0.010129	0.987252	img__0_1683231551511659000.png
1683231546622	0.211616	8.757957	0.517461	-0.117429	0.107165	0.009726	0.987234	img__0_1683231551562885000.png
1683231546670	0.211397	8.758352	0.517675	-0.117561	0.107720	0.009718	0.987158	img__0_1683231551611611000.png
1683231546718	0.210773	8.758371	0.517760	-0.117630	0.106648	0.009616	0.987267	img__0_1683231551659043000.png
1683231546790	0.210041	8.759170	0.518179	-0.117899	0.107279	0.010374	0.987159	img__0_1683231551731549000.png
1683231546835	0.211645	8.759755	0.518270	-0.118068	0.106436	0.010662	0.987227	img__0_1683231551778818000.png
1683231546886	0.209496	8.760015	0.517923	-0.118388	0.107306	0.011687	0.987083	img__0_1683231551829534000.png
1683231546928	0.211203	8.760520	0.517935	-0.118640	0.106363	0.011871	0.987153	img__0_1683231551870204000.png
1683231546982	0.209792	8.760909	0.516864	-0.118937	0.107949	0.012011	0.986943	img__0_1683231551924606000.png
1683231547027	0.211179	8.761407	0.516896	-0.119102	0.106834	0.011369	0.987052	img__0_1683231551970049000.png
1683231547072	0.210082	8.761705	0.516660	-0.119213	0.107958	0.011045	0.986920	img__0_1683231552014409000.png
1683231547138	0.211274	8.762410	0.516654	-0.119335	0.107254	0.010586	0.986987	img__0_1683231552080767000.png
1683231547189	0.208587	8.762495	0.516399	-0.119466	0.107435	0.010973	0.986947	img__0_1683231552130709000.png
1683231547240	0.211132	8.763379	0.516506	-0.119604	0.107423	0.011004	0.986932	img__0_1683231552182309000.png
1683231547285	0.208270	8.763370	0.516379	-0.119748	0.107201	0.011318	0.986935	img__0_1683231552227947000.png
1683231547336	0.211116	8.764291	0.516591	-0.119966	0.106854	0.011693	0.986942	img__0_1683231552277583000.png
1683231547384	0.208461	8.764366	0.516572	-0.120218	0.106905	0.012191	0.986899	img__0_1683231552327813000.png
1683231547432	0.211160	8.765185	0.516817	-0.120480	0.106552	0.012330	0.986904	img__0_1683231552373309000.png
1683231547483	0.208411	8.765201	0.516871	-0.120794	0.106744	0.012740	0.986840	img__0_1683231552424652000.png
1683231547549	0.210807	8.766143	0.517117	-0.121195	0.107322	0.012822	0.986727	img__0_1683231552491834000.png
1683231547594	0.207066	8.765740	0.517196	-0.121563	0.106268	0.013181	0.986791	img__0_1683231552536178000.png
1683231547642	0.210691	8.766769	0.517175	-0.121842	0.107338	0.012945	0.986644	img__0_1683231552584602000.png
1683231547693	0.209917	8.766774	0.517028	-0.122205	0.106721	0.013096	0.986664	img__0_1683231552635247000.png
1683231547744	0.210562	8.767309	0.516519	-0.122551	0.107897	0.013053	0.986493	img__0_1683231552685289000.png
1683231547789	0.206567	8.766643	0.515903	-0.122813	0.107197	0.012634	0.986543	img__0_1683231552733118000.png
1683231547840	0.210928	8.767809	0.515863	-0.123122	0.108030	0.012736	0.986412	img__0_1683231552782738000.png
1683231547888	0.207369	8.767237	0.515414	-0.123440	0.107238	0.012733	0.986459	img__0_1683231552832126000.png
1683231547960	0.210320	8.768240	0.515903	-0.123903	0.107641	0.012824	0.986356	img__0_1683231552903109000.png
1683231548008	0.206178	8.767520	0.516208	-0.124279	0.106562	0.013005	0.986423	img__0_1683231552952036000.png
1683231548059	0.210506	8.768703	0.516459	-0.124683	0.106614	0.013234	0.986363	img__0_1683231553001424000.png
1683231548101	0.208495	8.768443	0.516754	-0.125047	0.106632	0.013434	0.986313	img__0_1683231553043527000.png
1683231548149	0.209910	8.768874	0.516959	-0.125492	0.105410	0.013566	0.986386	img__0_1683231553092433000.png
1683231548197	0.209665	8.769040	0.517125	-0.125786	0.107230	0.013114	0.986158	img__0_1683231553139264000.png
1683231548248	0.210470	8.769328	0.517283	-0.126219	0.105939	0.013261	0.986240	img__0_1683231553190509000.png
1683231548299	0.209345	8.769255	0.517299	-0.126511	0.107335	0.012915	0.986057	img__0_1683231553243205000.png
1683231548347	0.210388	8.769605	0.517359	-0.126749	0.106315	0.012397	0.986143	img__0_1683231553290970000.png
1683231548410	0.208731	8.769513	0.517299	-0.126995	0.107454	0.012103	0.985992	img__0_1683231553354115000.png
1683231548458	0.209801	8.769892	0.517380	-0.127121	0.106377	0.011638	0.986098	img__0_1683231553402230000.png
1683231548512	0.209779	8.770319	0.517392	-0.127232	0.107968	0.011674	0.985910	img__0_1683231553454532000.png
1683231548560	0.209153	8.770297	0.517352	-0.127307	0.107081	0.011563	0.985998	img__0_1683231553501341000.png
1683231548605	0.210474	8.771104	0.517329	-0.127382	0.107914	0.011630	0.985897	img__0_1683231553548741000.png
1683231548659	0.206395	8.770711	0.517078	-0.127425	0.107467	0.011576	0.985941	img__0_1683231553600734000.png
1683231548719	0.210362	8.772078	0.517141	-0.127483	0.107998	0.011795	0.985873	img__0_1683231553662434000.png
1683231548767	0.207142	8.771941	0.516891	-0.127494	0.107715	0.011743	0.985903	img__0_1683231553711245000.png
1683231548818	0.210279	8.772996	0.516997	-0.127511	0.107302	0.011727	0.985946	img__0_1683231553760334000.png
1683231548869	0.208226	8.773268	0.516712	-0.127512	0.108054	0.011985	0.985861	img__0_1683231553811461000.png
1683231548920	0.209729	8.773879	0.516729	-0.127557	0.106880	0.012129	0.985981	img__0_1683231553861579000.png
1683231548968	0.209666	8.774634	0.516370	-0.127564	0.108628	0.012382	0.985786	img__0_1683231553909628000.png
1683231549013	0.205156	8.774236	0.515882	-0.127681	0.107610	0.012917	0.985876	img__0_1683231553956857000.png
1683231549064	0.209603	8.775681	0.515699	-0.127750	0.108612	0.012998	0.985756	img__0_1683231554007025000.png
1683231549112	0.205887	8.775445	0.515224	-0.127884	0.107747	0.013216	0.985830	img__0_1683231554053492000.png
1683231549184	0.209093	8.776809	0.515408	-0.128115	0.108244	0.013608	0.985741	img__0_1683231554127504000.png
1683231549235	0.204685	8.776345	0.515413	-0.128325	0.107270	0.013684	0.985819	img__0_1683231554177576000.png
1683231549283	0.209143	8.777663	0.515462	-0.128532	0.107595	0.013895	0.985753	img__0_1683231554225884000.png
1683231549325	0.207124	8.777605	0.515274	-0.128756	0.107770	0.014157	0.985701	img__0_1683231554267859000.png
1683231549376	0.208759	8.778188	0.515301	-0.129112	0.106602	0.014513	0.985777	img__0_1683231554318492000.png
1683231549421	0.208577	8.778508	0.515030	-0.129415	0.108187	0.014883	0.985559	img__0_1683231554364958000.png
1683231549487	0.208690	8.778762	0.514828	-0.129882	0.106925	0.014608	0.985639	img__0_1683231554429403000.png
1683231549535	0.208639	8.778990	0.514355	-0.130209	0.108585	0.014839	0.985411	img__0_1683231554478917000.png
1683231549583	0.203697	8.777880	0.513684	-0.130604	0.107639	0.014817	0.985463	img__0_1683231554525718000.png
1683231549634	0.209247	8.779367	0.513664	-0.130997	0.108392	0.014997	0.985325	img__0_1683231554576137000.png
1683231549682	0.206060	8.778598	0.513483	-0.131432	0.107633	0.014981	0.985351	img__0_1683231554623732000.png
1683231549730	0.209105	8.779422	0.513707	-0.131853	0.107333	0.015040	0.985327	img__0_1683231554674184000.png
1683231549778	0.207103	8.778881	0.513886	-0.132258	0.107644	0.014893	0.985241	img__0_1683231554720360000.png
1683231549844	0.209288	8.779449	0.514400	-0.132827	0.106737	0.014760	0.985265	img__0_1683231554786680000.png
1683231549889	0.207899	8.779014	0.514918	-0.133232	0.107316	0.014908	0.985145	img__0_1683231554833099000.png
1683231549940	0.208886	8.779250	0.515219	-0.133680	0.106192	0.014682	0.985209	img__0_1683231554883653000.png
1683231549991	0.208709	8.779099	0.515621	-0.134111	0.107634	0.014876	0.984991	img__0_1683231554935436000.png
1683231550039	0.208027	8.778875	0.515642	-0.134549	0.106585	0.014844	0.985046	img__0_1683231554983319000.png
1683231550087	0.209672	8.779208	0.515701	-0.134987	0.107596	0.015011	0.984874	img__0_1683231555031567000.png
1683231550138	0.206093	8.778059	0.515396	-0.135506	0.106986	0.015141	0.984867	img__0_1683231555080743000.png
1683231550186	0.209608	8.778980	0.515463	-0.135917	0.106693	0.014799	0.984847	img__0_1683231555129046000.png
1683231550237	0.208059	8.778369	0.515106	-0.136317	0.107613	0.014663	0.984694	img__0_1683231555179579000.png
1683231550285	0.209315	8.778674	0.515120	-0.136678	0.106697	0.014372	0.984748	img__0_1683231555227554000.png
1683231550336	0.209135	8.778488	0.514815	-0.137039	0.108221	0.014487	0.984530	img__0_1683231555278480000.png
1683231550402	0.209367	8.778488	0.514665	-0.137527	0.106841	0.014343	0.984614	img__0_1683231555345051000.png
1683231550450	0.209588	8.778481	0.514230	-0.137857	0.108599	0.014619	0.984372	img__0_1683231555392564000.png
1683231550498	0.208519	8.778155	0.514071	-0.138224	0.107351	0.014636	0.984457	img__0_1683231555440809000.png
1683231550546	0.209777	8.778481	0.514251	-0.138583	0.108251	0.014877	0.984304	img__0_1683231555488152000.png
1683231550597	0.205849	8.777331	0.514506	-0.139009	0.107165	0.014925	0.984362	img__0_1683231555540957000.png
1683231550645	0.209782	8.778449	0.514907	-0.139427	0.106459	0.015180	0.984376	img__0_1683231555588045000.png
1683231550693	0.208607	8.778077	0.515694	-0.139842	0.106912	0.015295	0.984266	img__0_1683231555636271000.png
1683231550762	0.210188	8.778496	0.516642	-0.140411	0.106034	0.015046	0.984284	img__0_1683231555706573000.png
1683231550816	0.207589	8.777685	0.517400	-0.140777	0.106507	0.014782	0.984185	img__0_1683231555758771000.png
1683231550858	0.209822	8.778329	0.517572	-0.141058	0.105649	0.014557	0.984240	img__0_1683231555802344000.png
1683231550903	0.209651	8.778267	0.517656	-0.141228	0.107639	0.014204	0.984005	img__0_1683231555847501000.png
1683231550951	0.204756	8.776876	0.517414	-0.141411	0.106912	0.013734	0.984065	img__0_1683231555894362000.png
1683231551005	0.210615	8.778663	0.517548	-0.141547	0.107994	0.013581	0.983930	img__0_1683231555947263000.png
1683231551053	0.207494	8.777938	0.517317	-0.141621	0.107591	0.013240	0.983968	img__0_1683231555996450000.png
1683231551116	0.210000	8.778859	0.517401	-0.141674	0.106937	0.012959	0.984035	img__0_1683231556059321000.png
1683231551167	0.208834	8.778935	0.517107	-0.141633	0.108222	0.012876	0.983902	img__0_1683231556109047000.png
1683231551212	0.203293	8.777792	0.516976	-0.141596	0.107322	0.012816	0.984006	img__0_1683231556154244000.png
1683231551263	0.209864	8.779925	0.517111	-0.141515	0.108447	0.012820	0.983895	img__0_1683231556205908000.png
1683231551308	0.207145	8.779749	0.516896	-0.141425	0.108166	0.012838	0.983938	img__0_1683231556252169000.png
1683231551362	0.208714	8.780510	0.516964	-0.141327	0.106896	0.012810	0.984091	img__0_1683231556304987000.png
1683231551422	0.208074	8.781309	0.516703	-0.141156	0.108647	0.013122	0.983920	img__0_1683231556364803000.png
1683231551470	0.202085	8.780474	0.516433	-0.141037	0.107721	0.013200	0.984038	img__0_1683231556412300000.png
1683231551518	0.208877	8.782651	0.516422	-0.140927	0.108710	0.013519	0.983941	img__0_1683231556460980000.png
1683231551569	0.205766	8.782734	0.515714	-0.140812	0.108657	0.013712	0.983960	img__0_1683231556511575000.png
1683231551617	0.208643	8.783852	0.515630	-0.140762	0.108280	0.014025	0.984004	img__0_1683231556560037000.png
1683231551665	0.206710	8.784156	0.514838	-0.140763	0.108913	0.014701	0.983925	img__0_1683231556609367000.png
1683231551716	0.207950	8.784789	0.514774	-0.140829	0.107517	0.014911	0.984066	img__0_1683231556658599000.png
1683231551788	0.206123	8.785364	0.514163	-0.140936	0.108518	0.015385	0.983933	img__0_1683231556731954000.png
1683231551836	0.207865	8.786109	0.514146	-0.141034	0.107629	0.015303	0.984018	img__0_1683231556778857000.png
1683231551881	0.207302	8.786501	0.513772	-0.141106	0.109045	0.015528	0.983848	img__0_1683231556825752000.png
1683231551935	0.206854	8.786644	0.513776	-0.141279	0.107557	0.015467	0.983988	img__0_1683231556877095000.png
1683231551974	0.207912	8.787350	0.513850	-0.141371	0.108619	0.015610	0.983856	img__0_1683231556918701000.png
1683231552028	0.204152	8.786791	0.514136	-0.141529	0.107759	0.015359	0.983932	img__0_1683231556970841000.png
1683231552076	0.207737	8.787969	0.514523	-0.141654	0.107405	0.015256	0.983954	img__0_1683231557018446000.png
1683231552124	0.205877	8.787834	0.515082	-0.141803	0.107790	0.015393	0.983888	img__0_1683231557066760000.png
1683231552187	0.207561	8.788568	0.515455	-0.142027	0.107188	0.015450	0.983921	img__0_1683231557129100000.png
1683231552235	0.205926	8.788430	0.515240	-0.142213	0.108237	0.015767	0.983774	img__0_1683231557178243000.png
1683231552286	0.207041	8.788885	0.515123	-0.142476	0.107317	0.015940	0.983834	img__0_1683231557229085000.png
1683231552334	0.206680	8.789007	0.514548	-0.142724	0.108839	0.016356	0.983624	img__0_1683231557277656000.png
1683231552382	0.205840	8.788829	0.514337	-0.143035	0.107909	0.016404	0.983681	img__0_1683231557324244000.png
1683231552430	0.207463	8.789418	0.513908	-0.143318	0.108968	0.016610	0.983519	img__0_1683231557373431000.png
1683231552493	0.202253	8.787951	0.513323	-0.143842	0.107689	0.016827	0.983580	img__0_1683231557435389000.png
1683231552541	0.207441	8.789456	0.513498	-0.144159	0.108580	0.016907	0.983434	img__0_1683231557483973000.png
1683231552592	0.204117	8.788395	0.513435	-0.144573	0.107925	0.016747	0.983448	img__0_1683231557535574000.png
1683231552640	0.207543	8.789373	0.513736	-0.144922	0.107404	0.016579	0.983457	img__0_1683231557583287000.png
1683231552688	0.206167	8.788818	0.513957	-0.145234	0.108220	0.016380	0.983325	img__0_1683231557632451000.png
1683231552736	0.207040	8.789015	0.514119	-0.145562	0.107193	0.016128	0.983393	img__0_1683231557679064000.png
1683231552784	0.207032	8.788849	0.514294	-0.145829	0.108604	0.016115	0.983199	img__0_1683231557727910000.png
1683231552856	0.207530	8.788868	0.514569	-0.146284	0.107067	0.015846	0.983304	img__0_1683231557798215000.png
1683231552898	0.207379	8.788688	0.514523	-0.146534	0.108613	0.016170	0.983092	img__0_1683231557841547000.png
1683231552955	0.206776	8.788422	0.514645	-0.146878	0.107147	0.015789	0.983208	img__0_1683231557899338000.png
1683231552997	0.207896	8.788651	0.514856	-0.147065	0.108441	0.015800	0.983038	img__0_1683231557941800000.png
1683231553051	0.203815	8.787281	0.514628	-0.147322	0.107979	0.015497	0.983055	img__0_1683231557993514000.png
1683231553093	0.208041	8.788571	0.514748	-0.147467	0.107755	0.015263	0.983061	img__0_1683231558035726000.png
1683231553144	0.206451	8.788045	0.514558	-0.147615	0.108588	0.015176	0.982949	img__0_1683231558087170000.png
1683231553207	0.206822	8.788173	0.514652	-0.147800	0.106969	0.014865	0.983103	img__0_1683231558150640000.png
1683231553255	0.207599	8.788493	0.514606	-0.147940	0.108933	0.015412	0.982858	img__0_1683231558198676000.png
1683231553300	0.203909	8.787469	0.514432	-0.148133	0.108173	0.015553	0.982911	img__0_1683231558244729000.png
1683231553354	0.207773	8.788712	0.514521	-0.148371	0.107799	0.015875	0.982911	img__0_1683231558298093000.png
1683231553399	0.206637	8.788489	0.514261	-0.148602	0.108486	0.016319	0.982793	img__0_1683231558342246000.png
1683231553447	0.200825	8.786836	0.514321	-0.148876	0.107342	0.016156	0.982880	img__0_1683231558391789000.png
1683231553513	0.207363	8.788915	0.514345	-0.149135	0.108762	0.016261	0.982683	img__0_1683231558456889000.png
1683231553561	0.203165	8.787737	0.514513	-0.149337	0.107605	0.015824	0.982786	img__0_1683231558505052000.png
1683231553612	0.207492	8.789112	0.514765	-0.149575	0.107077	0.016010	0.982805	img__0_1683231558555538000.png
1683231553663	0.206446	8.788918	0.515153	-0.149753	0.107794	0.015919	0.982701	img__0_1683231558606309000.png
1683231553711	0.205687	8.788724	0.515352	-0.150016	0.106589	0.016090	0.982790	img__0_1683231558654303000.png
1683231553759	0.207634	8.789453	0.515980	-0.150193	0.107915	0.016206	0.982616	img__0_1683231558702170000.png
1683231553807	0.204707	8.788667	0.516119	-0.150387	0.107551	0.016005	0.982629	img__0_1683231558752218000.png
1683231553858	0.207897	8.789713	0.516095	-0.150533	0.107596	0.015798	0.982605	img__0_1683231558801951000.png
1683231553930	0.203789	8.788664	0.515423	-0.150793	0.107930	0.016056	0.982525	img__0_1683231558873337000.png
1683231553975	0.207809	8.789969	0.515549	-0.150969	0.108007	0.016328	0.982485	img__0_1683231558919766000.png
1683231554029	0.205008	8.789266	0.515359	-0.151235	0.108022	0.016577	0.982438	img__0_1683231558971546000.png
1683231554068	0.207286	8.789993	0.515468	-0.151413	0.107098	0.016448	0.982514	img__0_1683231559013004000.png
1683231554122	0.207044	8.790055	0.515360	-0.151640	0.108672	0.016780	0.982300	img__0_1683231559064530000.png
1683231554170	0.206236	8.789840	0.515283	-0.151888	0.107718	0.016717	0.982368	img__0_1683231559113106000.png
1683231554218	0.207960	8.790464	0.515202	-0.152173	0.108680	0.017306	0.982208	img__0_1683231559163020000.png
1683231554266	0.204815	8.789524	0.514808	-0.152499	0.108195	0.017375	0.982210	img__0_1683231559210250000.png
1683231554332	0.207557	8.790389	0.514821	-0.152988	0.107588	0.017627	0.982196	img__0_1683231559276124000.png
1683231554386	0.206015	8.789839	0.514146	-0.153408	0.108603	0.017969	0.982012	img__0_1683231559328723000.png
1683231554431	0.205440	8.789632	0.513985	-0.153785	0.107703	0.017840	0.982055	img__0_1683231559375151000.png
1683231554482	0.207684	8.790202	0.513647	-0.154144	0.108997	0.017877	0.981855	img__0_1683231559425671000.png
1683231554533	0.204513	8.788986	0.513344	-0.154588	0.108091	0.017817	0.981887	img__0_1683231559476529000.png
1683231554581	0.207121	8.789773	0.513682	-0.155016	0.106403	0.017666	0.982006	img__0_1683231559525343000.png
1683231554632	0.207412	8.789604	0.514376	-0.155390	0.107974	0.017677	0.981776	img__0_1683231559577356000.png
1683231554677	0.206710	8.789279	0.514597	-0.155732	0.107024	0.017318	0.981832	img__0_1683231559622345000.png
1683231554728	0.207971	8.789407	0.515072	-0.156128	0.108089	0.017725	0.981645	img__0_1683231559671802000.png
1683231554791	0.206683	8.788809	0.515210	-0.156601	0.106698	0.017213	0.981731	img__0_1683231559734773000.png
1683231554842	0.208413	8.789083	0.515699	-0.157001	0.107904	0.017706	0.981526	img__0_1683231559784875000.png
1683231554887	0.205380	8.787807	0.515625	-0.157443	0.107238	0.017937	0.981524	img__0_1683231559831177000.png
1683231554938	0.208823	8.788812	0.515749	-0.157914	0.107047	0.018154	0.981466	img__0_1683231559881144000.png
1683231554989	0.206938	8.787815	0.515585	-0.158487	0.107394	0.018689	0.981325	img__0_1683231559932610000.png
1683231555037	0.208538	8.788222	0.515667	-0.159042	0.106282	0.018733	0.981356	img__0_1683231559980383000.png
1683231555085	0.208931	8.787910	0.515725	-0.159609	0.107635	0.019192	0.981107	img__0_1683231560028381000.png
1683231555133	0.204614	8.785943	0.515886	-0.160287	0.106502	0.019254	0.981119	img__0_1683231560078341000.png
1683231555187	0.209303	8.787265	0.516132	-0.160927	0.106502	0.018982	0.981020	img__0_1683231560130790000.png
1683231555247	0.207026	8.785696	0.516023	-0.161697	0.106901	0.019096	0.980848	img__0_1683231560190686000.png
1683231555295	0.208797	8.786102	0.516152	-0.162242	0.105751	0.018423	0.980895	img__0_1683231560238296000.png
1683231555343	0.209520	8.785685	0.516208	-0.162761	0.107693	0.018587	0.980595	img__0_1683231560285736000.png
1683231555391	0.205515	8.783618	0.516268	-0.163390	0.106610	0.018617	0.980608	img__0_1683231560336253000.png
1683231555442	0.210296	8.785013	0.516388	-0.163855	0.107646	0.018263	0.980424	img__0_1683231560385603000.png
1683231555487	0.207454	8.783412	0.516677	-0.164367	0.106726	0.018122	0.980441	img__0_1683231560432224000.png
1683231555562	0.210780	8.784081	0.517264	-0.164926	0.107623	0.017374	0.980263	img__0_1683231560505151000.png
1683231555613	0.206816	8.782129	0.517653	-0.165279	0.106832	0.016846	0.980299	img__0_1683231560557017000.png
1683231555655	0.211207	8.783578	0.517815	-0.165497	0.107104	0.016680	0.980235	img__0_1683231560600674000.png
1683231555697	0.209701	8.782729	0.518195	-0.165678	0.107393	0.016427	0.980177	img__0_1683231560641879000.png
1683231555748	0.210732	8.782976	0.518542	-0.165956	0.106120	0.016419	0.980269	img__0_1683231560693302000.png
1683231555799	0.210625	8.782734	0.518564	-0.166231	0.108154	0.017199	0.979987	img__0_1683231560742547000.png
1683231555847	0.210032	8.782482	0.518367	-0.166500	0.107463	0.017188	0.980017	img__0_1683231560791285000.png
1683231555913	0.211080	8.782749	0.517040	-0.166849	0.108886	0.017600	0.979794	img__0_1683231560857318000.png
1683231555961	0.210079	8.782388	0.516560	-0.167128	0.108077	0.017602	0.979836	img__0_1683231560904796000.png
1683231556009	0.211667	8.782950	0.515904	-0.167381	0.108681	0.017708	0.979724	img__0_1683231560952887000.png
1683231556063	0.207875	8.781667	0.515795	-0.167668	0.107770	0.017504	0.979779	img__0_1683231561006427000.png
1683231556108	0.211665	8.783028	0.516016	-0.167863	0.107524	0.017410	0.979774	img__0_1683231561053103000.png
1683231556162	0.209260	8.782305	0.516297	-0.168186	0.107486	0.018003	0.979712	img__0_1683231561106000000.png
1683231556207	0.211186	8.783020	0.516580	-0.168421	0.106397	0.017719	0.979796	img__0_1683231561150540000.png
1683231556255	0.210911	8.783056	0.517076	-0.168589	0.107807	0.017683	0.979613	img__0_1683231561198968000.png
1683231556324	0.211345	8.783330	0.517535	-0.168811	0.106245	0.017037	0.979757	img__0_1683231561266858000.png
1683231556372	0.211186	8.783490	0.518054	-0.168844	0.107800	0.016827	0.979586	img__0_1683231561314845000.png
1683231556417	0.206772	8.782195	0.518739	-0.168863	0.106858	0.016352	0.979694	img__0_1683231561359908000.png
1683231556465	0.211118	8.783852	0.518929	-0.168905	0.106556	0.016501	0.979717	img__0_1683231561410610000.png
1683231556513	0.209968	8.783864	0.518528	-0.168936	0.108086	0.016968	0.979536	img__0_1683231561456817000.png
1683231556564	0.210696	8.784322	0.518294	-0.169022	0.107246	0.017094	0.979611	img__0_1683231561508877000.png
1683231556612	0.210458	8.784693	0.517654	-0.169069	0.108698	0.017480	0.979436	img__0_1683231561555510000.png
1683231556675	0.210507	8.785031	0.517279	-0.169199	0.107439	0.017526	0.979552	img__0_1683231561618281000.png
1683231556723	0.210358	8.785437	0.516607	-0.169248	0.108811	0.017766	0.979387	img__0_1683231561667600000.png
1683231556774	0.209299	8.785273	0.516409	-0.169317	0.107336	0.017368	0.979545	img__0_1683231561719259000.png
1683231556822	0.210726	8.786254	0.517026	-0.169356	0.107797	0.017489	0.979486	img__0_1683231561765028000.png
1683231556870	0.207421	8.785605	0.517670	-0.169353	0.107287	0.017118	0.979549	img__0_1683231561815271000.png
1683231556918	0.210519	8.786899	0.518034	-0.169351	0.106777	0.017010	0.979607	img__0_1683231561863531000.png
1683231556969	0.208698	8.786858	0.518742	-0.169304	0.107334	0.017017	0.979554	img__0_1683231561912961000.png
1683231557041	0.210287	8.787907	0.518814	-0.169486	0.107358	0.018161	0.979499	img__0_1683231561984509000.png
1683231557089	0.207702	8.787533	0.518082	-0.169646	0.107723	0.018665	0.979422	img__0_1683231562032610000.png
1683231557134	0.209636	8.788342	0.517879	-0.169850	0.106972	0.018901	0.979465	img__0_1683231562078427000.png
1683231557185	0.209171	8.788622	0.516638	-0.170070	0.108684	0.019436	0.979227	img__0_1683231562130944000.png
1683231557227	0.204704	8.787367	0.515409	-0.170299	0.108059	0.019308	0.979259	img__0_1683231562171738000.png
1683231557278	0.209712	8.789243	0.514831	-0.170611	0.109195	0.020047	0.979064	img__0_1683231562222232000.png
1683231557326	0.206337	8.788271	0.513238	-0.170943	0.108533	0.019775	0.979085	img__0_1683231562271466000.png
1683231557389	0.209566	8.789502	0.513538	-0.171332	0.108454	0.019849	0.979025	img__0_1683231562333775000.png
1683231557440	0.206015	8.788321	0.514072	-0.171780	0.107125	0.019972	0.979090	img__0_1683231562383521000.png
1683231557485	0.209624	8.789600	0.514531	-0.172187	0.106026	0.020133	0.979135	img__0_1683231562431030000.png
1683231557536	0.208451	8.789117	0.515669	-0.172579	0.106811	0.019948	0.978984	img__0_1683231562480838000.png
1683231557584	0.209159	8.789329	0.516157	-0.172980	0.105583	0.019635	0.979053	img__0_1683231562528279000.png
1683231557635	0.209362	8.789229	0.517186	-0.173439	0.106762	0.020143	0.978834	img__0_1683231562579545000.png
1683231557683	0.208543	8.788846	0.517455	-0.173884	0.105837	0.019939	0.978859	img__0_1683231562628388000.png
1683231557746	0.209614	8.788900	0.518057	-0.174297	0.106989	0.019440	0.978671	img__0_1683231562690663000.png
1683231557794	0.205024	8.786930	0.518479	-0.174598	0.105914	0.018601	0.978750	img__0_1683231562737655000.png
1683231557842	0.210407	8.788857	0.518481	-0.174835	0.107202	0.018839	0.978563	img__0_1683231562786505000.png
1683231557890	0.207377	8.787517	0.517612	-0.175256	0.107015	0.019583	0.978494	img__0_1683231562835108000.png
1683231557941	0.210561	8.788591	0.517499	-0.175692	0.106845	0.019805	0.978429	img__0_1683231562886459000.png
1683231557986	0.209494	8.787949	0.516495	-0.176006	0.108126	0.019739	0.978234	img__0_1683231562932041000.png
1683231558040	0.210131	8.788050	0.516205	-0.176392	0.106958	0.019397	0.978299	img__0_1683231562984166000.png
1683231558091	0.210164	8.787791	0.515902	-0.176787	0.108061	0.019750	0.978100	img__0_1683231563034218000.png
1683231558142	0.209607	8.787469	0.515930	-0.177230	0.106709	0.019670	0.978170	img__0_1683231563085535000.png
1683231558208	0.210193	8.787321	0.516405	-0.177741	0.107421	0.019775	0.977997	img__0_1683231563151436000.png
1683231558253	0.205567	8.785318	0.517000	-0.178164	0.106081	0.019678	0.978068	img__0_1683231563197752000.png
1683231558301	0.211392	8.787429	0.517305	-0.178516	0.106697	0.019803	0.977934	img__0_1683231563244524000.png
1683231558349	0.208744	8.786139	0.517829	-0.178892	0.106340	0.019526	0.977910	img__0_1683231563293793000.png
1683231558397	0.211327	8.786994	0.518229	-0.179266	0.105753	0.019526	0.977905	img__0_1683231563342123000.png
1683231558445	0.209847	8.786154	0.518825	-0.179633	0.106319	0.019613	0.977775	img__0_1683231563390995000.png
1683231558517	0.211828	8.786719	0.518985	-0.180012	0.106557	0.018931	0.977693	img__0_1683231563462621000.png
1683231558565	0.209901	8.785780	0.518395	-0.180345	0.107113	0.019345	0.977562	img__0_1683231563510758000.png
1683231558616	0.211588	8.786349	0.518229	-0.180694	0.106280	0.019330	0.977589	img__0_1683231563560220000.png
1683231558667	0.210917	8.785924	0.517348	-0.181041	0.107808	0.019853	0.977347	img__0_1683231563612666000.png
1683231558718	0.211104	8.785932	0.516990	-0.181456	0.106785	0.019934	0.977381	img__0_1683231563661364000.png
1683231558754	0.212116	8.786204	0.516457	-0.181718	0.107864	0.020211	0.977208	img__0_1683231563700040000.png
1683231558805	0.209138	8.784887	0.516240	-0.182098	0.106913	0.019821	0.977250	img__0_1683231563748238000.png
1683231558856	0.212150	8.785984	0.516687	-0.182433	0.106393	0.019613	0.977248	img__0_1683231563799970000.png
1683231558919	0.208983	8.784582	0.517749	-0.182815	0.106227	0.019405	0.977199	img__0_1683231563864993000.png
1683231558967	0.212320	8.785846	0.518118	-0.183109	0.105746	0.019419	0.977196	img__0_1683231563913332000.png
1683231559015	0.210897	8.785201	0.518642	-0.183452	0.106429	0.020001	0.977046	img__0_1683231563959735000.png
1683231559063	0.211814	8.785522	0.518705	-0.183869	0.105552	0.020372	0.977055	img__0_1683231564007478000.png
1683231559111	0.212169	8.785538	0.517959	-0.184306	0.107474	0.021237	0.976744	img__0_1683231564057259000.png
1683231559162	0.207313	8.783455	0.516549	-0.184893	0.106689	0.021489	0.976714	img__0_1683231564106632000.png
1683231559213	0.212798	8.785478	0.516320	-0.185287	0.107827	0.021105	0.976523	img__0_1683231564156627000.png
1683231559261	0.209891	8.784061	0.515580	-0.185759	0.106894	0.020944	0.976539	img__0_1683231564206743000.png
1683231559327	0.212867	8.785011	0.516163	-0.186356	0.106785	0.020956	0.976437	img__0_1683231564273392000.png
1683231559375	0.209864	8.783512	0.517100	-0.186798	0.105785	0.020527	0.976471	img__0_1683231564318395000.png
1683231559420	0.213098	8.784723	0.517525	-0.187134	0.105124	0.020075	0.976468	img__0_1683231564366446000.png
1683231559474	0.211580	8.783790	0.518692	-0.187554	0.105608	0.020156	0.976353	img__0_1683231564418017000.png
1683231559522	0.212937	8.784242	0.519127	-0.187957	0.104214	0.020019	0.976427	img__0_1683231564467633000.png
1683231559570	0.213055	8.784025	0.519865	-0.188311	0.106001	0.020399	0.976159	img__0_1683231564515329000.png
1683231559618	0.208424	8.781905	0.519817	-0.188799	0.105049	0.020676	0.976162	img__0_1683231564562813000.png
1683231559687	0.213244	8.783628	0.518953	-0.189353	0.106941	0.021067	0.975841	img__0_1683231564632726000.png
1683231559738	0.212670	8.783276	0.518564	-0.189816	0.106022	0.020899	0.975855	img__0_1683231564683706000.png
1683231559783	0.214007	8.783561	0.517763	-0.190222	0.107375	0.021360	0.975618	img__0_1683231564726795000.png
1683231559828	0.211165	8.782131	0.516479	-0.190758	0.107092	0.021845	0.975533	img__0_1683231564773995000.png
1683231559879	0.214235	8.783225	0.516000	-0.191296	0.107228	0.021996	0.975410	img__0_1683231564822796000.png
1683231559927	0.212640	8.782213	0.515129	-0.191768	0.107149	0.021527	0.975336	img__0_1683231564870869000.png
1683231559999	0.214654	8.782734	0.515745	-0.192494	0.106286	0.021252	0.975294	img__0_1683231564943470000.png
1683231560050	0.212275	8.781351	0.516924	-0.192957	0.105692	0.020805	0.975277	img__0_1683231564994122000.png
1683231560098	0.214614	8.782215	0.517454	-0.193353	0.104433	0.020312	0.975344	img__0_1683231565041619000.png
1683231560146	0.214302	8.781761	0.518844	-0.193658	0.105555	0.020106	0.975167	img__0_1683231565092316000.png
1683231560191	0.213670	8.781406	0.519401	-0.193952	0.104110	0.019664	0.975273	img__0_1683231565136223000.png
1683231560242	0.215059	8.781724	0.521445	-0.194468	0.104480	0.020797	0.975107	img__0_1683231565187829000.png
1683231560287	0.211880	8.780185	0.522382	-0.194824	0.104441	0.020587	0.975045	img__0_1683231565233388000.png
1683231560332	0.215375	8.781578	0.522516	-0.195224	0.104063	0.020796	0.975001	img__0_1683231565277534000.png
1683231560404	0.211231	8.779526	0.520906	-0.195853	0.106058	0.021394	0.974646	img__0_1683231565349465000.png
1683231560455	0.215831	8.781369	0.520345	-0.196290	0.106852	0.021603	0.974467	img__0_1683231565398979000.png
1683231560503	0.213712	8.780259	0.518214	-0.196684	0.107309	0.021478	0.974340	img__0_1683231565449552000.png
1683231560545	0.215280	8.780869	0.518206	-0.197058	0.105917	0.021234	0.974422	img__0_1683231565489337000.png
1683231560590	0.215496	8.780773	0.518048	-0.197463	0.106836	0.021650	0.974231	img__0_1683231565536405000.png
1683231560641	0.214658	8.780334	0.518078	-0.197812	0.105899	0.020862	0.974280	img__0_1683231565585535000.png
1683231560707	0.215345	8.780425	0.519006	-0.198212	0.106538	0.020681	0.974132	img__0_1683231565650762000.png
1683231560752	0.210786	8.778408	0.519413	-0.198487	0.105311	0.020254	0.974219	img__0_1683231565698440000.png
1683231560800	0.216346	8.780785	0.519783	-0.198715	0.106044	0.020368	0.974091	img__0_1683231565745869000.png
1683231560851	0.213233	8.779482	0.520227	-0.198978	0.105639	0.020285	0.974083	img__0_1683231565797036000.png
1683231560899	0.216324	8.780829	0.520693	-0.199244	0.104689	0.020298	0.974130	img__0_1683231565844170000.png
1683231560950	0.214593	8.780210	0.521401	-0.199462	0.105511	0.020382	0.973995	img__0_1683231565894574000.png
1683231560998	0.215883	8.780813	0.521694	-0.199682	0.104339	0.020142	0.974081	img__0_1683231565943029000.png
1683231561064	0.214799	8.780628	0.522937	-0.199987	0.104975	0.020621	0.973941	img__0_1683231566008262000.png
1683231561109	0.215641	8.781065	0.523236	-0.200211	0.103982	0.020458	0.974005	img__0_1683231566054587000.png
1683231561157	0.215813	8.781394	0.523886	-0.200297	0.105698	0.020289	0.973806	img__0_1683231566102152000.png
1683231561208	0.214742	8.781074	0.523941	-0.200357	0.104757	0.019561	0.973910	img__0_1683231566151848000.png
1683231561256	0.216008	8.781981	0.524515	-0.200326	0.105689	0.019247	0.973822	img__0_1683231566200488000.png
1683231561301	0.213056	8.781052	0.525131	-0.200278	0.105073	0.018903	0.973905	img__0_1683231566247797000.png
1683231561355	0.215852	8.782630	0.525448	-0.200376	0.104667	0.019894	0.973909	img__0_1683231566300519000.png
1683231561418	0.212342	8.781941	0.525544	-0.200565	0.105361	0.020804	0.973776	img__0_1683231566363373000.png
1683231561463	0.215494	8.783431	0.525232	-0.200635	0.105611	0.020670	0.973737	img__0_1683231566409521000.png
1683231561514	0.213714	8.783298	0.522869	-0.200769	0.108041	0.021678	0.973421	img__0_1683231566460080000.png
1683231561562	0.214535	8.783895	0.521794	-0.200897	0.107444	0.021371	0.973468	img__0_1683231566506942000.png
1683231561613	0.214405	8.784442	0.519961	-0.201035	0.108257	0.021601	0.973344	img__0_1683231566557084000.png
1683231561658	0.210131	8.783162	0.519408	-0.201214	0.106745	0.021391	0.973479	img__0_1683231566603070000.png
1683231561730	0.213649	8.785110	0.520408	-0.201484	0.106435	0.021637	0.973451	img__0_1683231566674832000.png
1683231561772	0.209181	8.783658	0.520937	-0.201704	0.105273	0.021675	0.973531	img__0_1683231566718397000.png
1683231561820	0.214621	8.786085	0.521469	-0.201970	0.105374	0.022191	0.973454	img__0_1683231566765804000.png
1683231561868	0.211745	8.785275	0.522292	-0.202272	0.105003	0.022253	0.973430	img__0_1683231566813271000.png
1683231561916	0.214330	8.786506	0.522406	-0.202520	0.104588	0.021995	0.973429	img__0_1683231566861378000.png
1683231561967	0.212719	8.786147	0.521771	-0.202747	0.106254	0.022228	0.973196	img__0_1683231566911256000.png
1683231562033	0.214251	8.787002	0.521393	-0.203017	0.105807	0.021710	0.973200	img__0_1683231566979526000.png
1683231562081	0.212424	8.786466	0.520581	-0.203113	0.106636	0.021386	0.973096	img__0_1683231567025491000.png
1683231562135	0.213904	8.787229	0.520424	-0.203309	0.105530	0.021168	0.973181	img__0_1683231567080344000.png
1683231562177	0.213765	8.787408	0.520342	-0.203355	0.106619	0.021059	0.973055	img__0_1683231567122360000.png
1683231562225	0.209338	8.785798	0.520432	-0.203546	0.105447	0.021167	0.973140	img__0_1683231567169505000.png
1683231562273	0.213533	8.787711	0.521029	-0.203764	0.104277	0.021362	0.973216	img__0_1683231567218990000.png
1683231562324	0.212308	8.787510	0.521263	-0.203968	0.105555	0.021884	0.973024	img__0_1683231567270229000.png
1683231562390	0.213702	8.788335	0.521209	-0.204186	0.105441	0.021617	0.972997	img__0_1683231567334393000.png
1683231562438	0.211663	8.787734	0.520666	-0.204377	0.105917	0.021953	0.972898	img__0_1683231567382464000.png
1683231562483	0.212959	8.788363	0.520762	-0.204622	0.104624	0.021974	0.972986	img__0_1683231567429088000.png
1683231562534	0.213245	8.788750	0.520997	-0.204860	0.105966	0.022408	0.972780	img__0_1683231567478880000.png
1683231562579	0.209246	8.787213	0.521230	-0.205135	0.104701	0.022198	0.972864	img__0_1683231567525100000.png
1683231562630	0.213525	8.789159	0.521730	-0.205360	0.105264	0.022285	0.972754	img__0_1683231567576814000.png
1683231562681	0.210201	8.787884	0.522129	-0.205628	0.104775	0.022108	0.972754	img__0_1683231567627699000.png
1683231562747	0.213378	8.789387	0.522029	-0.205888	0.106111	0.022285	0.972550	img__0_1683231567691474000.png
1683231562792	0.210009	8.788037	0.520969	-0.206111	0.106156	0.022316	0.972497	img__0_1683231567738879000.png
1683231562840	0.213397	8.789577	0.520996	-0.206338	0.105495	0.022194	0.972503	img__0_1683231567787054000.png
1683231562888	0.212097	8.789128	0.519868	-0.206579	0.107149	0.022805	0.972278	img__0_1683231567834535000.png
1683231562936	0.212717	8.789447	0.519675	-0.206840	0.105401	0.022230	0.972427	img__0_1683231567882874000.png
1683231562987	0.212879	8.789631	0.519846	-0.207114	0.106317	0.022709	0.972258	img__0_1683231567933398000.png
1683231563038	0.211944	8.789258	0.520062	-0.207393	0.104679	0.022085	0.972390	img__0_1683231567982612000.png
1683231563110	0.212368	8.789576	0.521781	-0.207738	0.105029	0.022076	0.972279	img__0_1683231568055414000.png
1683231563158	0.212476	8.789653	0.522170	-0.207951	0.103793	0.021621	0.972376	img__0_1683231568103014000.png
1683231563203	0.213464	8.790185	0.523406	-0.208111	0.104768	0.021810	0.972233	img__0_1683231568148535000.png
1683231563248	0.210310	8.788889	0.523648	-0.208262	0.104761	0.021575	0.972207	img__0_1683231568192394000.png
1683231563296	0.213514	8.790381	0.523901	-0.208369	0.104307	0.021180	0.972242	img__0_1683231568241598000.png
1683231563344	0.212151	8.789963	0.524003	-0.208417	0.105362	0.021133	0.972119	img__0_1683231568289963000.png
1683231563410	0.212180	8.790152	0.524371	-0.208469	0.103530	0.020380	0.972320	img__0_1683231568354576000.png
1683231563458	0.212758	8.790743	0.524837	-0.208427	0.105939	0.020840	0.972060	img__0_1683231568405005000.png
1683231563506	0.208634	8.789312	0.524500	-0.208406	0.105257	0.020457	0.972147	img__0_1683231568451727000.png
1683231563554	0.212550	8.791211	0.524582	-0.208465	0.104876	0.021099	0.972162	img__0_1683231568501075000.png
1683231563605	0.211013	8.791066	0.523553	-0.208479	0.106332	0.021442	0.971993	img__0_1683231568549861000.png
1683231563650	0.212076	8.791699	0.523438	-0.208601	0.105315	0.021785	0.972070	img__0_1683231568595073000.png
1683231563701	0.211596	8.791989	0.523239	-0.208664	0.106520	0.022015	0.971920	img__0_1683231568646357000.png
1683231563764	0.211888	8.792408	0.523198	-0.208855	0.104869	0.022081	0.972057	img__0_1683231568711032000.png
1683231563812	0.211815	8.792820	0.522780	-0.208955	0.106778	0.022730	0.971813	img__0_1683231568757666000.png
1683231563860	0.207107	8.791159	0.522026	-0.209084	0.105818	0.022240	0.971901	img__0_1683231568806657000.png
