TimeStamp	POS_X	POS_Y	POS_Z	Q_W	Q_X	Q_Y	Q_Z	ImageFile
1683166984535	8.603943	-0.122488	-1.912352	0.943885	-0.040649	0.014814	0.327428	img__0_1683166989932547000.png
1683166984577	8.637747	-0.101088	-1.929922	0.948821	-0.040218	0.013676	0.312944	img__0_1683166989974762000.png
1683166984628	8.678781	-0.076723	-1.946971	0.954726	-0.039587	0.010919	0.294639	img__0_1683166990026543000.png
1683166984676	8.717433	-0.055471	-1.959974	0.960065	-0.038874	0.008465	0.276935	img__0_1683166990073897000.png
1683166984727	8.758642	-0.034947	-1.975121	0.965560	-0.034986	0.002387	0.257805	img__0_1683166990123099000.png
1683166984772	8.795299	-0.018538	-1.991536	0.970111	-0.030973	-0.003306	0.240655	img__0_1683166990170837000.png
1683166984829	8.842398	0.000349	-2.015926	0.975405	-0.026668	-0.009042	0.218617	img__0_1683166990226659000.png
1683166984871	8.877703	0.013184	-2.035145	0.978893	-0.022852	-0.013976	0.202611	img__0_1683166990269091000.png
1683166984937	8.934576	0.031954	-2.067456	0.983524	-0.012822	-0.022831	0.178870	img__0_1683166990334725000.png
1683166984982	8.974364	0.044276	-2.086497	0.986020	-0.001518	-0.024539	0.164801	img__0_1683166990381403000.png
1683166985030	9.017578	0.058308	-2.101544	0.987961	0.011212	-0.025402	0.152188	img__0_1683166990429556000.png
1683166985084	9.067219	0.072941	-2.112247	0.989226	0.019904	-0.025865	0.142713	img__0_1683166990481168000.png
1683166985132	9.112436	0.087791	-2.122514	0.989978	0.023930	-0.028658	0.136199	img__0_1683166990529473000.png
1683166985177	9.155996	0.103030	-2.135507	0.990313	0.028402	-0.032402	0.131999	img__0_1683166990574590000.png
1683166985228	9.206982	0.122159	-2.155183	0.990372	0.035187	-0.033463	0.129633	img__0_1683166990626019000.png
1683166985276	9.256390	0.142003	-2.174962	0.990429	0.034528	-0.034656	0.129066	img__0_1683166990675319000.png
1683166985348	9.332211	0.174165	-2.192217	0.989953	0.039934	-0.031471	0.131943	img__0_1683166990746275000.png
1683166985393	9.380612	0.195973	-2.196786	0.989222	0.044080	-0.035015	0.135166	img__0_1683166990790037000.png
1683166985441	9.433658	0.221646	-2.204589	0.987768	0.055326	-0.040369	0.140082	img__0_1683166990838880000.png
1683166985489	9.488097	0.249883	-2.211363	0.986589	0.059849	-0.040461	0.146364	img__0_1683166990888084000.png
1683166985540	9.547280	0.282747	-2.215619	0.985067	0.065509	-0.038536	0.154485	img__0_1683166990936690000.png
1683166985585	9.600530	0.314326	-2.216627	0.983674	0.067401	-0.037605	0.162570	img__0_1683166990984207000.png
1683166985636	9.662014	0.353363	-2.215936	0.981698	0.071718	-0.035053	0.172910	img__0_1683166991034394000.png
1683166985702	9.743215	0.409656	-2.214769	0.978804	0.075056	-0.030929	0.188023	img__0_1683166991098766000.png
1683166985747	9.799401	0.452043	-2.214563	0.976233	0.079907	-0.025786	0.199798	img__0_1683166991144341000.png
1683166985795	9.859743	0.500856	-2.214049	0.973454	0.080757	-0.022842	0.212942	img__0_1683166991194380000.png
1683166985846	9.924059	0.556616	-2.211920	0.970211	0.080675	-0.018814	0.227659	img__0_1683166991243894000.png
1683166985894	9.984560	0.612847	-2.209026	0.966560	0.082864	-0.014965	0.242222	img__0_1683166991293080000.png
1683166985942	10.044771	0.673001	-2.206748	0.962412	0.085484	-0.011200	0.257546	img__0_1683166991339805000.png
1683166986017	10.137599	0.775189	-2.205689	0.954969	0.088238	-0.003838	0.283255	img__0_1683166991415059000.png
1683166986062	10.192169	0.841167	-2.205623	0.950019	0.088445	0.000639	0.299401	img__0_1683166991459531000.png
1683166986107	10.245564	0.910701	-2.206742	0.944725	0.087097	0.005454	0.316036	img__0_1683166991504232000.png
1683166986155	10.300983	0.988556	-2.208759	0.938529	0.085605	0.011663	0.334215	img__0_1683166991553587000.png
1683166986203	10.354568	1.069900	-2.210893	0.932024	0.082411	0.015916	0.352543	img__0_1683166991600818000.png
1683166986248	10.402952	1.149110	-2.212907	0.925553	0.078437	0.021107	0.369801	img__0_1683166991647666000.png
1683166986302	10.458399	1.247569	-2.215372	0.917281	0.074588	0.026310	0.390308	img__0_1683166991699862000.png
1683166986353	10.507775	1.343749	-2.218924	0.909084	0.069532	0.031098	0.409592	img__0_1683166991751984000.png
1683166986401	10.551299	1.436872	-2.224445	0.900752	0.067600	0.036684	0.427469	img__0_1683166991799871000.png
1683166986470	10.608609	1.574368	-2.234262	0.888217	0.061470	0.043857	0.453176	img__0_1683166991868342000.png
1683166986515	10.642296	1.665996	-2.242872	0.879695	0.056872	0.048410	0.469636	img__0_1683166991914032000.png
1683166986563	10.675017	1.764948	-2.252896	0.870259	0.053287	0.052323	0.486900	img__0_1683166991962659000.png
1683166986611	10.704263	1.864870	-2.264130	0.860274	0.050696	0.057583	0.504026	img__0_1683166992009942000.png
1683166986662	10.731437	1.971757	-2.277002	0.849619	0.046007	0.058843	0.522080	img__0_1683166992061398000.png
1683166986710	10.753613	2.072699	-2.288201	0.839327	0.042831	0.061276	0.538461	img__0_1683166992109344000.png
1683166986758	10.772243	2.173731	-2.300299	0.828973	0.036723	0.062005	0.554627	img__0_1683166992157194000.png
1683166986809	10.788127	2.280838	-2.314984	0.817781	0.033415	0.063797	0.571006	img__0_1683166992206660000.png
1683166986872	10.802513	2.412359	-2.334255	0.803748	0.028321	0.065575	0.590667	img__0_1683166992271556000.png
1683166986920	10.809642	2.517865	-2.350933	0.792561	0.024906	0.064061	0.605906	img__0_1683166992320101000.png
1683166986971	10.813910	2.616215	-2.366449	0.781999	0.021661	0.064248	0.619581	img__0_1683166992370042000.png
1683166987019	10.814712	2.713388	-2.383614	0.771449	0.016497	0.064117	0.632837	img__0_1683166992417381000.png
1683166987070	10.812396	2.815153	-2.402952	0.760291	0.015450	0.064277	0.646210	img__0_1683166992467270000.png
1683166987118	10.807592	2.909554	-2.419938	0.749920	0.013252	0.062001	0.658483	img__0_1683166992516181000.png
1683166987175	10.798653	3.019782	-2.439543	0.737468	0.012056	0.061647	0.672455	img__0_1683166992574271000.png
1683166987217	10.789763	3.099566	-2.454815	0.728337	0.009722	0.060620	0.682463	img__0_1683166992617006000.png
1683166987283	10.772141	3.222374	-2.479769	0.714148	0.008002	0.059644	0.697403	img__0_1683166992681461000.png
1683166987334	10.755819	3.315205	-2.497680	0.703540	0.005894	0.053970	0.708579	img__0_1683166992731185000.png
1683166987382	10.738633	3.401063	-2.512288	0.693986	0.003461	0.050189	0.718229	img__0_1683166992781799000.png
1683166987430	10.719836	3.485432	-2.525787	0.685038	-0.000536	0.044154	0.727168	img__0_1683166992828034000.png
1683166987478	10.699758	3.568380	-2.537682	0.676798	-0.003388	0.039521	0.735100	img__0_1683166992877006000.png
1683166987529	10.677140	3.654812	-2.551721	0.668555	-0.005789	0.036595	0.742739	img__0_1683166992926356000.png
1683166987577	10.654871	3.734617	-2.565732	0.661178	-0.008698	0.033839	0.749415	img__0_1683166992976487000.png
1683166987625	10.631920	3.813072	-2.578202	0.654379	-0.010000	0.030277	0.755494	img__0_1683166993024303000.png
1683166987697	10.596536	3.928300	-2.594644	0.645047	-0.011697	0.027054	0.763575	img__0_1683166993094178000.png
1683166987736	10.577002	3.989515	-2.602724	0.640420	-0.011770	0.025400	0.767515	img__0_1683166993134892000.png
1683166987793	10.548102	4.077599	-2.612536	0.634238	-0.010612	0.022066	0.772750	img__0_1683166993191947000.png
1683166987832	10.528121	4.136976	-2.618591	0.630377	-0.007986	0.018224	0.776034	img__0_1683166993232163000.png
1683166987883	10.501765	4.213735	-2.626199	0.625601	-0.005214	0.014841	0.779985	img__0_1683166993281394000.png
1683166987931	10.476718	4.285232	-2.633343	0.621313	-0.003037	0.012385	0.783459	img__0_1683166993329517000.png
1683166988000	10.440322	4.387012	-2.644037	0.615445	-0.002192	0.011065	0.788099	img__0_1683166993399303000.png
1683166988045	10.416339	4.452823	-2.651770	0.611704	-0.001013	0.010377	0.791018	img__0_1683166993444973000.png
1683166988096	10.388910	4.526951	-2.659992	0.607545	0.000367	0.009230	0.794232	img__0_1683166993495474000.png
1683166988147	10.361213	4.600695	-2.666536	0.603477	0.001483	0.008730	0.797332	img__0_1683166993544248000.png
1683166988195	10.334856	4.669783	-2.672675	0.599656	0.002181	0.008700	0.800208	img__0_1683166993594890000.png
1683166988243	10.308186	4.738571	-2.679747	0.595817	0.002863	0.008006	0.803075	img__0_1683166993641196000.png
1683166988291	10.281204	4.807104	-2.686948	0.591991	0.002019	0.007842	0.805904	img__0_1683166993690327000.png
1683166988342	10.252218	4.879632	-2.695303	0.587952	0.003095	0.007667	0.808853	img__0_1683166993741268000.png
1683166988402	10.217699	4.964618	-2.704183	0.583129	0.003243	0.008520	0.812329	img__0_1683166993801113000.png
1683166988453	10.187962	5.036553	-2.711527	0.579080	0.003257	0.008220	0.815223	img__0_1683166993851115000.png
1683166988501	10.159657	5.104016	-2.716880	0.575376	0.004707	0.007810	0.817838	img__0_1683166993900665000.png
1683166988549	10.131020	5.171283	-2.720836	0.571783	0.004779	0.007617	0.820356	img__0_1683166993949402000.png
1683166988600	10.100182	5.242533	-2.725371	0.567991	0.004875	0.008974	0.822971	img__0_1683166993999589000.png
1683166988651	10.068890	5.313521	-2.730415	0.564204	0.005249	0.008734	0.825573	img__0_1683166994050927000.png
1683166988699	10.039023	5.380098	-2.735004	0.560644	0.005122	0.008860	0.827993	img__0_1683166994098322000.png
1683166988756	10.003046	5.458865	-2.739706	0.556456	0.005398	0.008732	0.830814	img__0_1683166994154842000.png
1683166988798	9.976172	5.516702	-2.743046	0.553419	0.005356	0.008292	0.832845	img__0_1683166994195767000.png
1683166988864	9.933332	5.607270	-2.747861	0.548754	0.006123	0.008377	0.835920	img__0_1683166994262856000.png
1683166988912	9.901693	5.672911	-2.750795	0.545407	0.006439	0.007525	0.838113	img__0_1683166994312273000.png
1683166988963	9.867619	5.742475	-2.753826	0.541846	0.006584	0.007625	0.840417	img__0_1683166994362582000.png
1683166989008	9.837167	5.803711	-2.756088	0.538757	0.006037	0.007678	0.842405	img__0_1683166994406650000.png
1683166989056	9.804313	5.868871	-2.757363	0.535584	0.006233	0.006647	0.844433	img__0_1683166994455285000.png
1683166989104	9.771084	5.933891	-2.757849	0.532470	0.006674	0.006741	0.846396	img__0_1683166994503650000.png
1683166989155	9.735336	6.002835	-2.758838	0.529200	0.006657	0.006164	0.848449	img__0_1683166994555077000.png
1683166989203	9.701279	6.067605	-2.759896	0.526105	0.007488	0.006980	0.850358	img__0_1683166994602288000.png
1683166989266	9.655897	6.152423	-2.762522	0.521977	0.007244	0.007333	0.852897	img__0_1683166994666617000.png
1683166989317	9.618612	6.220913	-2.764416	0.518683	0.007100	0.006979	0.854909	img__0_1683166994717269000.png
1683166989371	9.578632	6.293273	-2.765594	0.515286	0.006910	0.006518	0.856966	img__0_1683166994769056000.png
1683166989413	9.547188	6.349446	-2.766234	0.512682	0.007096	0.006597	0.858524	img__0_1683166994812463000.png
1683166989461	9.510860	6.413527	-2.767079	0.509709	0.007190	0.006827	0.860290	img__0_1683166994860260000.png
1683166989512	9.471800	6.481469	-2.768034	0.506525	0.007607	0.007444	0.862159	img__0_1683166994912167000.png
1683166989560	9.434574	6.545261	-2.768986	0.503416	0.007531	0.008291	0.863971	img__0_1683166994959197000.png
1683166989629	9.380268	6.636655	-2.770053	0.498964	0.006881	0.009046	0.866548	img__0_1683166995027296000.png
1683166989677	9.341923	6.699974	-2.771625	0.495793	0.007064	0.008518	0.868370	img__0_1683166995077503000.png
1683166989725	9.303133	6.763078	-2.772913	0.492644	0.007201	0.007975	0.870164	img__0_1683166995125482000.png
1683166989776	9.261427	6.829921	-2.774424	0.489316	0.007332	0.007538	0.872043	img__0_1683166995176712000.png
1683166989824	9.221742	6.892667	-2.775015	0.486238	0.007090	0.006834	0.873771	img__0_1683166995223122000.png
1683166989878	9.176594	6.963073	-2.776127	0.482758	0.006162	0.007894	0.875696	img__0_1683166995276068000.png
1683166989917	9.143659	7.013769	-2.777578	0.480221	0.006666	0.008348	0.877083	img__0_1683166995317040000.png
1683166989968	9.100189	7.079861	-2.778374	0.476942	0.007329	0.008471	0.878863	img__0_1683166995367469000.png
1683166990031	9.045769	7.161161	-2.779889	0.472795	0.007396	0.009234	0.881093	img__0_1683166995431795000.png
1683166990091	8.993159	7.238199	-2.781980	0.468822	0.007472	0.009471	0.883210	img__0_1683166995489430000.png
1683166990133	8.955882	7.291889	-2.783673	0.465989	0.006798	0.009857	0.884710	img__0_1683166995531891000.png
1683166990181	8.912834	7.352982	-2.786303	0.462709	0.006678	0.009879	0.886430	img__0_1683166995580519000.png
1683166990229	8.869314	7.413780	-2.789742	0.459351	0.006487	0.010373	0.888170	img__0_1683166995627041000.png
1683166990274	8.828073	7.470477	-2.794159	0.456059	0.006412	0.011586	0.889851	img__0_1683166995674692000.png
1683166990343	8.763973	7.556767	-2.802551	0.450785	0.006850	0.012239	0.892522	img__0_1683166995743762000.png
1683166990391	8.718801	7.616352	-2.806908	0.447055	0.006705	0.012259	0.894397	img__0_1683166995790006000.png
1683166990439	8.673127	7.675543	-2.811538	0.443322	0.005856	0.011911	0.896264	img__0_1683166995837430000.png
1683166990487	8.626986	7.734336	-2.816403	0.439562	0.006222	0.013168	0.898094	img__0_1683166995886227000.png
1683166990535	8.580370	7.792702	-2.821113	0.435644	0.006056	0.013072	0.900004	img__0_1683166995935426000.png
1683166990583	8.533266	7.850625	-2.825726	0.431671	0.005782	0.012886	0.901921	img__0_1683166995983935000.png
1683166990631	8.485706	7.908120	-2.829868	0.427703	0.006091	0.012202	0.903817	img__0_1683166996030535000.png
1683166990700	8.416534	7.990044	-2.835535	0.421934	0.005762	0.012137	0.906527	img__0_1683166996098377000.png
1683166990748	8.367862	8.046521	-2.839686	0.417929	0.005693	0.012704	0.908373	img__0_1683166996147741000.png
1683166990796	8.318755	8.102574	-2.843469	0.414000	0.005353	0.011663	0.910186	img__0_1683166996194969000.png
1683166990841	8.272354	8.154763	-2.846067	0.410456	0.005153	0.011454	0.911794	img__0_1683166996241859000.png
1683166990892	8.219346	8.213491	-2.848590	0.406525	0.005628	0.011261	0.913553	img__0_1683166996290135000.png
1683166990940	8.169020	8.268345	-2.851651	0.402773	0.005633	0.012040	0.915203	img__0_1683166996339571000.png
1683166991012	8.092694	8.349812	-2.857864	0.397154	0.005531	0.011866	0.917659	img__0_1683166996412468000.png
1683166991051	8.050945	8.393535	-2.861682	0.394195	0.005845	0.011697	0.918934	img__0_1683166996451304000.png
1683166991102	7.995902	8.450296	-2.867256	0.390264	0.007084	0.012171	0.920595	img__0_1683166996500963000.png
1683166991150	7.943603	8.503293	-2.872508	0.386549	0.006111	0.012500	0.922164	img__0_1683166996549227000.png
1683166991198	7.890870	8.555864	-2.877094	0.382947	0.005391	0.012225	0.923674	img__0_1683166996598793000.png
1683166991249	7.834395	8.611247	-2.881455	0.379211	0.005397	0.012240	0.925214	img__0_1683166996649040000.png
1683166991297	7.780812	8.662905	-2.885975	0.375727	0.004927	0.011914	0.926641	img__0_1683166996695421000.png
1683166991360	7.709929	8.730062	-2.890809	0.371196	0.004110	0.011462	0.928475	img__0_1683166996760816000.png
1683166991408	7.655504	8.780696	-2.896044	0.367702	0.003768	0.011676	0.929863	img__0_1683166996806729000.png
1683166991462	7.593873	8.837111	-2.902167	0.363690	0.004855	0.012653	0.931421	img__0_1683166996861067000.png
1683166991504	7.545628	8.880597	-2.905992	0.360546	0.005868	0.012728	0.932636	img__0_1683166996902600000.png
1683166991552	7.490101	8.929865	-2.909963	0.356961	0.006054	0.012737	0.934013	img__0_1683166996950371000.png
1683166991600	7.434145	8.978667	-2.914010	0.353303	0.005444	0.012361	0.935412	img__0_1683166996998588000.png
1683166991666	7.356532	9.045025	-2.919026	0.348165	0.006316	0.012552	0.937328	img__0_1683166997066678000.png
1683166991717	7.295985	9.095701	-2.922916	0.344062	0.005747	0.013108	0.938838	img__0_1683166997118184000.png
1683166991762	7.242146	9.139947	-2.927010	0.340357	0.006018	0.013272	0.940183	img__0_1683166997160980000.png
1683166991813	7.180688	9.189587	-2.930978	0.336129	0.006069	0.013503	0.941700	img__0_1683166997211690000.png
1683166991867	7.115102	9.241549	-2.933972	0.331675	0.006832	0.013925	0.943266	img__0_1683166997267442000.png
1683166991909	7.063691	9.281523	-2.935784	0.328166	0.006705	0.014895	0.944479	img__0_1683166997308293000.png
1683166991960	7.000768	9.329488	-2.937847	0.323752	0.007075	0.016347	0.945974	img__0_1683166997359839000.png
1683166992008	6.941039	9.374021	-2.939024	0.319568	0.006731	0.016254	0.947400	img__0_1683166997407272000.png
1683166992074	6.858075	9.434205	-2.940404	0.313568	0.007875	0.018212	0.949358	img__0_1683166997472823000.png
1683166992122	6.797052	9.477143	-2.942024	0.309074	0.008353	0.018340	0.950825	img__0_1683166997521158000.png
1683166992170	6.735462	9.519406	-2.942930	0.304663	0.008494	0.018090	0.952251	img__0_1683166997568586000.png
1683166992215	6.677192	9.558407	-2.943671	0.300520	0.008282	0.018121	0.953567	img__0_1683166997615734000.png
1683166992266	6.610542	9.601876	-2.944715	0.295890	0.007872	0.017088	0.955037	img__0_1683166997664995000.png
1683166992314	6.547247	9.642109	-2.945651	0.291589	0.008849	0.017537	0.956342	img__0_1683166997712881000.png
1683166992377	6.463312	9.693926	-2.946766	0.286048	0.008783	0.016705	0.958030	img__0_1683166997778218000.png
1683166992431	6.390601	9.737482	-2.947293	0.281312	0.007838	0.016962	0.959434	img__0_1683166997829890000.png
1683166992476	6.329484	9.773147	-2.947824	0.277381	0.008192	0.017295	0.960570	img__0_1683166997875222000.png
1683166992530	6.255483	9.815113	-2.950234	0.272604	0.007960	0.017572	0.961933	img__0_1683166997930227000.png
1683166992575	6.193267	9.849401	-2.953379	0.268641	0.008869	0.016783	0.963053	img__0_1683166997973550000.png
1683166992620	6.130556	9.883108	-2.956867	0.264744	0.008907	0.016550	0.964136	img__0_1683166998021004000.png
1683166992683	6.041956	9.929338	-2.962423	0.259685	0.006786	0.016021	0.965537	img__0_1683166998084399000.png
1683166992734	5.969654	9.965955	-2.966963	0.255998	0.004070	0.014855	0.966555	img__0_1683166998134372000.png
1683166992785	5.896979	10.001885	-2.970912	0.252803	0.001303	0.013217	0.967427	img__0_1683166998185624000.png
1683166992830	5.832688	10.033072	-2.972918	0.250319	-0.000381	0.012079	0.968088	img__0_1683166998230798000.png
1683166992887	5.751159	10.071946	-2.972623	0.247401	-0.001921	0.011514	0.968843	img__0_1683166998286687000.png
1683166992929	5.691066	10.100132	-2.970914	0.245404	-0.002135	0.011196	0.969354	img__0_1683166998329802000.png
1683166992980	5.618100	10.133824	-2.968860	0.243015	-0.002042	0.008893	0.969980	img__0_1683166998379394000.png
1683166993040	5.532298	10.172863	-2.965747	0.240267	-0.002183	0.006024	0.970686	img__0_1683166998440708000.png
1683166993091	5.459440	10.205663	-2.962587	0.238043	-0.003665	0.004742	0.971236	img__0_1683166998490083000.png
1683166993139	5.390998	10.236271	-2.958695	0.236033	-0.003717	0.003290	0.971732	img__0_1683166998537800000.png
1683166993187	5.322717	10.266675	-2.954285	0.234061	-0.003419	0.002485	0.972213	img__0_1683166998588394000.png
1683166993235	5.254591	10.296918	-2.949774	0.232118	-0.003001	0.001562	0.972682	img__0_1683166998635012000.png
1683166993286	5.182365	10.328919	-2.944530	0.230115	-0.002426	0.001455	0.973159	img__0_1683166998686491000.png
1683166993349	5.093345	10.368299	-2.937628	0.227714	-0.002259	0.000370	0.973725	img__0_1683166998749826000.png
1683166993394	5.029887	10.396359	-2.932415	0.226045	-0.002267	0.000323	0.974114	img__0_1683166998795247000.png
1683166993442	4.962325	10.426240	-2.926946	0.224271	-0.002175	-0.000316	0.974524	img__0_1683166998843687000.png
1683166993493	4.890682	10.457955	-2.921011	0.222359	-0.002324	0.000171	0.974962	img__0_1683166998893556000.png
1683166993541	4.823387	10.487762	-2.915490	0.220516	-0.001881	0.000200	0.975382	img__0_1683166998941327000.png
1683166993589	4.756210	10.517523	-2.909967	0.218600	-0.002008	0.000944	0.975812	img__0_1683166998990096000.png
1683166993664	4.651457	10.563876	-2.901232	0.215544	-0.001512	0.001182	0.976492	img__0_1683166999064423000.png
1683166993709	4.588709	10.591592	-2.895566	0.213839	-0.000955	0.001420	0.976867	img__0_1683166999108869000.png
1683166993757	4.521836	10.621069	-2.890132	0.212052	-0.000093	0.002007	0.977256	img__0_1683166999158394000.png
1683166993802	4.459161	10.648610	-2.884825	0.210456	0.000024	0.002227	0.977601	img__0_1683166999201138000.png
1683166993850	4.392320	10.677876	-2.879856	0.208743	0.000218	0.002819	0.977966	img__0_1683166999249916000.png
1683166993895	4.329650	10.705187	-2.875132	0.207131	0.000321	0.004145	0.978304	img__0_1683166999296150000.png
1683166993943	4.262787	10.734134	-2.869601	0.205493	-0.000265	0.005333	0.978644	img__0_1683166999344560000.png
1683166994009	4.170833	10.773528	-2.861623	0.203379	-0.000095	0.006967	0.979075	img__0_1683166999410807000.png
1683166994060	4.099746	10.803564	-2.855578	0.201818	0.000211	0.008029	0.979390	img__0_1683166999461646000.png
1683166994108	4.032788	10.831439	-2.851118	0.200447	-0.001206	0.009243	0.979660	img__0_1683166999509687000.png
1683166994159	3.961639	10.860581	-2.847024	0.199200	-0.003784	0.008462	0.979915	img__0_1683166999558624000.png
1683166994207	3.894784	10.887559	-2.843443	0.198247	-0.005011	0.008315	0.980104	img__0_1683166999606188000.png
1683166994252	3.832273	10.912455	-2.840674	0.197505	-0.005678	0.007413	0.980257	img__0_1683166999653474000.png
1683166994324	3.732649	10.951496	-2.841814	0.196382	-0.002628	0.006268	0.980504	img__0_1683166999723486000.png
1683166994369	3.670520	10.975505	-2.843941	0.195599	-0.001139	0.005472	0.980668	img__0_1683166999769870000.png
1683166994417	3.604280	11.000842	-2.846668	0.194649	0.002413	0.006389	0.980849	img__0_1683166999816443000.png
1683166994465	3.537923	11.025904	-2.850804	0.193406	0.004689	0.006792	0.981084	img__0_1683166999866923000.png
1683166994513	3.471321	11.050681	-2.855841	0.191851	0.006645	0.008149	0.981368	img__0_1683166999913765000.png
1683166994564	3.400220	11.076684	-2.860016	0.189907	0.007577	0.008808	0.981733	img__0_1683166999965094000.png
1683166994609	3.337151	11.099328	-2.862508	0.188068	0.007798	0.008975	0.982084	img__0_1683167000009178000.png
1683166994675	3.244030	11.131991	-2.866050	0.185061	0.007570	0.009023	0.982656	img__0_1683167000076992000.png
1683166994723	3.175855	11.155329	-2.868324	0.182620	0.007635	0.009514	0.983108	img__0_1683167000123403000.png
1683166994771	3.107292	11.178297	-2.870572	0.179987	0.008209	0.010439	0.983579	img__0_1683167000171978000.png
1683166994819	3.038335	11.200875	-2.872237	0.177083	0.007931	0.011298	0.984099	img__0_1683167000218096000.png
1683166994873	2.960283	11.225762	-2.873003	0.173725	0.008442	0.012137	0.984683	img__0_1683167000273929000.png
1683166994915	2.899202	11.244707	-2.873038	0.171073	0.008734	0.012526	0.985140	img__0_1683167000314821000.png
1683166994981	2.802520	11.273705	-2.873045	0.166714	0.008882	0.012736	0.985883	img__0_1683167000381064000.png
1683166995026	2.736092	11.292916	-2.873568	0.163607	0.008962	0.012391	0.986407	img__0_1683167000427779000.png
1683166995083	2.651345	11.316586	-2.875772	0.159496	0.008281	0.012259	0.987088	img__0_1683167000482748000.png
1683166995131	2.579488	11.335946	-2.878656	0.155905	0.007969	0.012674	0.987659	img__0_1683167000530955000.png
1683166995176	2.511752	11.353627	-2.881216	0.152595	0.007149	0.013361	0.988173	img__0_1683167000575434000.png
1683166995221	2.443708	11.370860	-2.882431	0.149563	0.004414	0.011181	0.988679	img__0_1683167000622544000.png
1683166995287	2.343576	11.395410	-2.881438	0.145826	0.000798	0.009992	0.989259	img__0_1683167000687916000.png
1683166995338	2.266090	11.413801	-2.879568	0.143380	-0.000528	0.009776	0.989619	img__0_1683167000738700000.png
1683166995383	2.197705	11.429602	-2.878095	0.141443	-0.000923	0.008484	0.989910	img__0_1683167000783663000.png
1683166995434	2.120232	11.447097	-2.876078	0.139468	-0.002320	0.006645	0.990202	img__0_1683167000833751000.png
1683166995485	2.042866	11.464216	-2.874736	0.137667	-0.003199	0.005468	0.990458	img__0_1683167000884862000.png
1683166995539	1.961115	11.482023	-2.871410	0.136025	-0.004196	0.005025	0.990684	img__0_1683167000938646000.png
1683166995578	1.902223	11.494668	-2.869731	0.134826	-0.003842	0.005374	0.990847	img__0_1683167000977810000.png
1683166995644	1.802809	11.515587	-2.871098	0.132207	-0.001632	0.007569	0.991192	img__0_1683167001045194000.png
1683166995692	1.730597	11.530358	-2.874388	0.129851	-0.000552	0.008713	0.991495	img__0_1683167001093782000.png
1683166995743	1.653884	11.545619	-2.877559	0.127016	0.000538	0.009337	0.991857	img__0_1683167001144488000.png
1683166995791	1.581645	11.559545	-2.880495	0.124076	0.000741	0.010053	0.992222	img__0_1683167001192116000.png
1683166995845	1.500312	11.574690	-2.883075	0.120564	0.000901	0.010034	0.992655	img__0_1683167001245190000.png
1683166995887	1.436998	11.586076	-2.884673	0.117720	0.002058	0.011095	0.992983	img__0_1683167001286721000.png
1683166995938	1.360006	11.599409	-2.886055	0.114110	0.002274	0.011439	0.993400	img__0_1683167001338351000.png
1683166996007	1.255603	11.616511	-2.889025	0.109041	0.002732	0.011183	0.993971	img__0_1683167001407547000.png
1683166996049	1.191906	11.626383	-2.892123	0.105934	0.001456	0.011701	0.994303	img__0_1683167001450198000.png
1683166996097	1.119021	11.637166	-2.896059	0.102339	0.000980	0.011681	0.994681	img__0_1683167001497094000.png
1683166996148	1.041510	11.648035	-2.900769	0.098474	0.001011	0.011897	0.995068	img__0_1683167001549019000.png
1683166996193	0.973066	11.657159	-2.903870	0.095332	0.000311	0.009879	0.995396	img__0_1683167001594303000.png
1683166996241	0.900045	11.666528	-2.903007	0.092407	-0.000351	0.008718	0.995683	img__0_1683167001642137000.png
1683166996307	0.799694	11.678822	-2.898347	0.089018	-0.002040	0.007426	0.996000	img__0_1683167001708262000.png
1683166996358	0.722269	11.687881	-2.893874	0.086731	-0.002462	0.007075	0.996204	img__0_1683167001757463000.png
1683166996406	0.649516	11.696050	-2.890109	0.084682	-0.001980	0.007200	0.996380	img__0_1683167001805498000.png
1683166996451	0.581400	11.703388	-2.887431	0.082819	-0.001213	0.006774	0.996541	img__0_1683167001852271000.png
1683166996499	0.508800	11.710850	-2.888359	0.080793	0.000905	0.007896	0.996699	img__0_1683167001899970000.png
1683166996556	0.422546	11.719176	-2.893493	0.078126	0.001801	0.009928	0.996892	img__0_1683167001955712000.png
1683166996598	0.358921	11.724927	-2.897352	0.075953	0.002911	0.010290	0.997054	img__0_1683167001998893000.png
1683166996661	0.263304	11.732926	-2.901449	0.072415	0.004266	0.010732	0.997308	img__0_1683167002062740000.png
1683166996709	0.190246	11.738476	-2.903988	0.069513	0.004213	0.012027	0.997500	img__0_1683167002110941000.png
1683166996760	0.112401	11.743784	-2.907370	0.066157	0.004399	0.011999	0.997727	img__0_1683167002161838000.png
1683166996808	0.038934	11.748233	-2.910406	0.062823	0.003725	0.011823	0.997948	img__0_1683167002208116000.png
1683166996856	-0.034703	11.752156	-2.913084	0.059368	0.004143	0.013150	0.998141	img__0_1683167002257571000.png
1683166996904	-0.108518	11.755503	-2.915835	0.055720	0.003285	0.013640	0.998348	img__0_1683167002305172000.png
1683166996976	-0.219529	11.759384	-2.919461	0.050003	0.003234	0.014667	0.998636	img__0_1683167002377987000.png
1683166997018	-0.284446	11.760939	-2.922649	0.046610	0.002772	0.015193	0.998794	img__0_1683167002419060000.png
1683166997069	-0.363402	11.762181	-2.926361	0.042242	0.003626	0.016302	0.998968	img__0_1683167002471576000.png
1683166997117	-0.437868	11.762549	-2.928292	0.038543	0.004514	0.017496	0.999094	img__0_1683167002516673000.png
1683166997168	-0.517181	11.762179	-2.929120	0.034360	0.003728	0.017676	0.999246	img__0_1683167002568171000.png
1683166997213	-0.587310	11.761136	-2.929198	0.030858	0.003816	0.016368	0.999382	img__0_1683167002614465000.png
1683166997267	-0.671629	11.759037	-2.928820	0.026971	0.002050	0.015218	0.999518	img__0_1683167002669487000.png
1683166997327	-0.765418	11.755783	-2.925281	0.022892	0.000339	0.013533	0.999646	img__0_1683167002726967000.png
1683166997381	-0.849826	11.752101	-2.919463	0.019415	-0.000389	0.012674	0.999731	img__0_1683167002782143000.png
1683166997423	-0.915441	11.748761	-2.913961	0.016877	-0.001508	0.010840	0.999798	img__0_1683167002823790000.png
1683166997471	-0.990343	11.744468	-2.908265	0.014121	-0.001864	0.009112	0.999857	img__0_1683167002872687000.png
1683166997522	-1.069800	11.739426	-2.903191	0.011176	-0.002001	0.008449	0.999900	img__0_1683167002924496000.png
1683166997570	-1.144455	11.734260	-2.899622	0.008394	-0.001506	0.008230	0.999930	img__0_1683167002970542000.png
1683166997618	-1.219008	11.728671	-2.897913	0.005496	-0.000439	0.010176	0.999933	img__0_1683167003018979000.png
1683166997684	-1.321419	11.720205	-2.897180	0.001290	0.000235	0.012272	0.999924	img__0_1683167003086377000.png
1683166997735	-1.400511	11.712946	-2.897593	-0.002159	0.000260	0.012144	0.999924	img__0_1683167003135998000.png
1683166997789	-1.484234	11.704551	-2.898610	-0.005903	0.000713	0.012583	0.999903	img__0_1683167003190460000.png
1683166997828	-1.544693	11.698035	-2.899463	-0.008637	0.000881	0.012946	0.999879	img__0_1683167003230600000.png
1683166997879	-1.623755	11.688951	-2.899975	-0.012250	0.001535	0.013220	0.999836	img__0_1683167003279387000.png
1683166997927	-1.698192	11.679781	-2.900700	-0.015629	0.001765	0.013938	0.999779	img__0_1683167003327223000.png
1683166997978	-1.777321	11.669316	-2.902170	-0.019366	0.002537	0.016105	0.999680	img__0_1683167003380337000.png
1683166998044	-1.879839	11.654527	-2.904992	-0.024216	0.004099	0.016949	0.999555	img__0_1683167003444220000.png
1683166998092	-1.954533	11.642857	-2.907103	-0.028103	0.003308	0.021337	0.999372	img__0_1683167003492243000.png
1683166998146	-2.038692	11.628567	-2.910648	-0.032895	0.003060	0.022452	0.999202	img__0_1683167003546547000.png
1683166998188	-2.104208	11.616547	-2.913497	-0.037020	0.002713	0.027142	0.998942	img__0_1683167003589557000.png
1683166998236	-2.179117	11.601665	-2.916671	-0.042389	0.001684	0.031357	0.998608	img__0_1683167003638458000.png
1683166998284	-2.254002	11.585294	-2.920794	-0.048662	0.000366	0.037286	0.998119	img__0_1683167003684736000.png
1683166998329	-2.324130	11.568563	-2.923233	-0.054870	0.000532	0.037640	0.997784	img__0_1683167003731735000.png
1683166998398	-2.431420	11.539732	-2.928461	-0.066205	-0.000866	0.047844	0.996658	img__0_1683167003800819000.png
1683166998446	-2.505793	11.517066	-2.932691	-0.074988	-0.000828	0.048632	0.995998	img__0_1683167003848923000.png
1683166998494	-2.579959	11.492567	-2.933147	-0.083586	-0.000526	0.043403	0.995555	img__0_1683167003895724000.png
1683166998542	-2.653952	11.466682	-2.926802	-0.091527	-0.001502	0.038890	0.995042	img__0_1683167003942285000.png
1683166998593	-2.732353	11.437714	-2.914264	-0.099471	0.000535	0.036583	0.994368	img__0_1683167003993364000.png
1683166998638	-2.801364	11.410910	-2.899263	-0.106469	-0.001264	0.033017	0.993767	img__0_1683167004038796000.png
1683166998689	-2.879337	11.379241	-2.878277	-0.114304	-0.007121	0.026420	0.993069	img__0_1683167004089841000.png
1683166998752	-2.974891	11.338249	-2.852397	-0.123879	-0.009796	0.027277	0.991874	img__0_1683167004154678000.png
1683166998803	-3.051270	11.303109	-2.840323	-0.131747	-0.006247	0.028102	0.990865	img__0_1683167004203970000.png
1683166998851	-3.122555	11.268554	-2.833309	-0.139287	-0.004765	0.027152	0.989868	img__0_1683167004251102000.png
1683166998899	-3.193432	11.232902	-2.824963	-0.146861	-0.003483	0.025680	0.988818	img__0_1683167004301383000.png
1683166998950	-3.268369	11.193861	-2.814562	-0.155127	-0.000292	0.027280	0.987518	img__0_1683167004350677000.png
1683166998995	-3.334269	11.158384	-2.803495	-0.162739	0.001556	0.029042	0.986240	img__0_1683167004396353000.png
1683166999061	-3.430630	11.104340	-2.785951	-0.174562	0.004168	0.032005	0.984117	img__0_1683167004462323000.png
1683166999109	-3.500564	11.063478	-2.771056	-0.183557	0.005603	0.034116	0.982401	img__0_1683167004509402000.png
1683166999157	-3.570430	11.021339	-2.752319	-0.192889	0.006187	0.036019	0.980540	img__0_1683167004557955000.png
1683166999205	-3.640205	10.977701	-2.731673	-0.202847	0.004054	0.039768	0.978394	img__0_1683167004608042000.png
1683166999256	-3.714120	10.929451	-2.709017	-0.213938	0.003772	0.041979	0.975938	img__0_1683167004657158000.png
1683166999307	-3.787710	10.879059	-2.686772	-0.225580	0.002358	0.044138	0.973221	img__0_1683167004707855000.png
1683166999355	-3.856571	10.829486	-2.667530	-0.236705	0.003771	0.044088	0.970574	img__0_1683167004756726000.png
1683166999424	-3.954896	10.754620	-2.641952	-0.252999	0.003405	0.043999	0.966460	img__0_1683167004826497000.png
1683166999466	-4.014352	10.707071	-2.626478	-0.263085	0.002287	0.044836	0.963727	img__0_1683167004867965000.png
1683166999514	-4.081855	10.650887	-2.608786	-0.274702	0.001075	0.045643	0.960445	img__0_1683167004915943000.png
1683166999568	-4.157134	10.585356	-2.588485	-0.287979	-0.002155	0.045127	0.956571	img__0_1683167004968832000.png
1683166999613	-4.219176	10.528851	-2.572099	-0.299107	-0.003852	0.045409	0.953131	img__0_1683167005015234000.png
1683166999661	-4.284533	10.466696	-2.555412	-0.311058	-0.005435	0.045223	0.949299	img__0_1683167005064105000.png
1683166999733	-4.380840	10.370031	-2.530361	-0.329075	-0.008341	0.044624	0.943212	img__0_1683167005133402000.png
1683166999775	-4.435999	10.311908	-2.514497	-0.339570	-0.009656	0.044239	0.939490	img__0_1683167005175682000.png
1683166999823	-4.498056	10.244016	-2.494682	-0.351589	-0.011629	0.043332	0.935079	img__0_1683167005224440000.png
1683166999871	-4.558950	10.174578	-2.473833	-0.363622	-0.013726	0.041754	0.930509	img__0_1683167005273932000.png
1683166999922	-4.622272	10.099213	-2.450813	-0.376276	-0.015697	0.039275	0.925542	img__0_1683167005323053000.png
1683166999967	-4.676860	10.031433	-2.430634	-0.387171	-0.017673	0.037311	0.921083	img__0_1683167005369543000.png
1683167000036	-4.758099	9.925465	-2.399860	-0.403442	-0.021327	0.033713	0.914135	img__0_1683167005437890000.png
1683167000081	-4.809445	9.855281	-2.378948	-0.413621	-0.024209	0.029953	0.909634	img__0_1683167005482214000.png
1683167000135	-4.869182	9.770179	-2.354263	-0.425277	-0.026365	0.028210	0.904239	img__0_1683167005536179000.png
1683167000174	-4.910919	9.708183	-2.337925	-0.433555	-0.028069	0.027402	0.900273	img__0_1683167005576351000.png
1683167000225	-4.963707	9.626560	-2.317741	-0.444113	-0.029179	0.025345	0.895137	img__0_1683167005628240000.png
1683167000276	-5.014598	9.544506	-2.296913	-0.454232	-0.031167	0.021456	0.890080	img__0_1683167005676534000.png
1683167000321	-5.057936	9.471927	-2.277823	-0.462612	-0.031690	0.019617	0.885777	img__0_1683167005724259000.png
1683167000387	-5.118717	9.365319	-2.250440	-0.474364	-0.032684	0.020944	0.879473	img__0_1683167005789960000.png
1683167000438	-5.163350	9.282819	-2.229897	-0.483418	-0.033489	0.022050	0.874471	img__0_1683167005838988000.png
1683167000486	-5.203396	9.205065	-2.211471	-0.491965	-0.033557	0.023108	0.869661	img__0_1683167005886645000.png
1683167000537	-5.243836	9.122318	-2.192770	-0.501146	-0.034078	0.021399	0.864427	img__0_1683167005937812000.png
1683167000582	-5.277781	9.049265	-2.176317	-0.509123	-0.034800	0.019455	0.859770	img__0_1683167005983937000.png
1683167000633	-5.314373	8.966556	-2.156849	-0.517988	-0.036363	0.018783	0.854408	img__0_1683167006034112000.png
1683167000681	-5.346944	8.888879	-2.137979	-0.526298	-0.036978	0.018196	0.849301	img__0_1683167006083388000.png
1683167000744	-5.386910	8.787261	-2.112358	-0.537004	-0.038981	0.017951	0.842487	img__0_1683167006146029000.png
1683167000792	-5.415272	8.710155	-2.091090	-0.545080	-0.040855	0.017626	0.837202	img__0_1683167006194837000.png
1683167000840	-5.441879	8.633385	-2.067151	-0.553110	-0.041527	0.015456	0.831929	img__0_1683167006243130000.png
1683167000891	-5.468300	8.552279	-2.037999	-0.561502	-0.043755	0.014240	0.826195	img__0_1683167006291737000.png
1683167000936	-5.489920	8.481220	-2.010056	-0.568829	-0.044675	0.014450	0.821114	img__0_1683167006339101000.png
1683167000987	-5.512381	8.401338	-1.976883	-0.577108	-0.045279	0.014606	0.815281	img__0_1683167006389599000.png
1683167001056	-5.539098	8.294449	-1.931164	-0.588459	-0.045870	0.016055	0.807065	img__0_1683167006459161000.png
1683167001098	-5.553333	8.230029	-1.902074	-0.595348	-0.045165	0.015590	0.802046	img__0_1683167006500387000.png
1683167001155	-5.570198	8.143415	-1.861723	-0.604475	-0.043333	0.016071	0.795283	img__0_1683167006556752000.png
1683167001194	-5.580166	8.084654	-1.833201	-0.610690	-0.042335	0.018764	0.790515	img__0_1683167006596449000.png
1683167001242	-5.590639	8.012808	-1.797586	-0.618480	-0.039944	0.020215	0.784524	img__0_1683167006645357000.png
1683167001296	-5.600227	7.932462	-1.755322	-0.627465	-0.037738	0.022194	0.777413	img__0_1683167006698061000.png
1683167001344	-5.606762	7.861382	-1.716501	-0.635548	-0.035823	0.022304	0.770907	img__0_1683167006745378000.png
1683167001410	-5.612618	7.764102	-1.663598	-0.646490	-0.032563	0.022030	0.761909	img__0_1683167006810857000.png
1683167001458	-5.614669	7.693639	-1.626111	-0.654213	-0.030150	0.022496	0.755374	img__0_1683167006860543000.png
1683167001506	-5.614994	7.623348	-1.588895	-0.661847	-0.029819	0.020849	0.748755	img__0_1683167006909364000.png
1683167001551	-5.613848	7.557628	-1.553465	-0.668800	-0.028850	0.019116	0.742636	img__0_1683167006955756000.png
1683167001602	-5.610788	7.483439	-1.514784	-0.676457	-0.029361	0.019327	0.735643	img__0_1683167007006513000.png
1683167001650	-5.606208	7.413929	-1.479865	-0.683747	-0.029711	0.017326	0.728908	img__0_1683167007053847000.png
1683167001698	-5.600212	7.344758	-1.443264	-0.690987	-0.031149	0.012285	0.722092	img__0_1683167007102550000.png
1683167001764	-5.590015	7.250543	-1.387864	-0.700436	-0.033065	0.001762	0.712947	img__0_1683167007168355000.png
1683167001818	-5.580050	7.174783	-1.342385	-0.707551	-0.030030	-0.002193	0.706021	img__0_1683167007220595000.png
1683167001863	-5.570865	7.112653	-1.304124	-0.712975	-0.027919	-0.002837	0.700628	img__0_1683167007265646000.png
1683167001914	-5.559626	7.043276	-1.260001	-0.718581	-0.023903	0.002166	0.695029	img__0_1683167007319579000.png
1683167001959	-5.548880	6.982854	-1.223088	-0.723041	-0.019751	0.006714	0.690490	img__0_1683167007362738000.png
1683167002004	-5.537319	6.922909	-1.188560	-0.727044	-0.016457	0.008524	0.686341	img__0_1683167007408983000.png
1683167002070	-5.519098	6.835547	-1.139914	-0.731871	-0.013210	0.001222	0.681314	img__0_1683167007475555000.png
1683167002121	-5.504427	6.768548	-1.100949	-0.735115	-0.009471	-0.005288	0.677856	img__0_1683167007526320000.png
1683167002166	-5.491331	6.709923	-1.066494	-0.737883	-0.012207	-0.013925	0.674675	img__0_1683167007569554000.png
1683167002214	-5.477460	6.648314	-1.032803	-0.741053	-0.015328	-0.020720	0.670952	img__0_1683167007618914000.png
1683167002265	-5.463007	6.584549	-1.005241	-0.744991	-0.019838	-0.022337	0.666405	img__0_1683167007668266000.png
1683167002313	-5.449634	6.526332	-0.987759	-0.748938	-0.010856	-0.015809	0.662363	img__0_1683167007716217000.png
1683167002364	-5.435712	6.465701	-0.974927	-0.752742	-0.007376	-0.013388	0.658138	img__0_1683167007768152000.png
1683167002430	-5.418178	6.388559	-0.964331	-0.756723	-0.007898	-0.014276	0.653532	img__0_1683167007833464000.png
1683167002475	-5.406625	6.336990	-0.966819	-0.759237	-0.013143	-0.014592	0.650518	img__0_1683167007878899000.png
1683167002523	-5.394469	6.283035	-0.974727	-0.761811	-0.013955	-0.011997	0.647538	img__0_1683167007927891000.png
1683167002574	-5.381552	6.226695	-0.983565	-0.764327	-0.019137	-0.010741	0.644455	img__0_1683167007978043000.png
1683167002622	-5.369291	6.174500	-0.988172	-0.766633	-0.014150	-0.013630	0.641785	img__0_1683167008025880000.png
1683167002670	-5.357082	6.122983	-0.988732	-0.768430	0.003676	-0.007407	0.639881	img__0_1683167008075007000.png
1683167002724	-5.343727	6.065218	-0.988281	-0.769546	0.015023	-0.001942	0.638412	img__0_1683167008129306000.png
1683167002784	-5.329612	6.000452	-0.986558	-0.769842	0.024895	0.001266	0.637748	img__0_1683167008189102000.png
1683167002835	-5.318400	5.944410	-0.984107	-0.769396	0.030251	0.003004	0.638048	img__0_1683167008237905000.png
1683167002883	-5.308617	5.890553	-0.981262	-0.768396	0.033587	0.003827	0.639081	img__0_1683167008287143000.png
1683167002928	-5.300197	5.838942	-0.978434	-0.766946	0.035055	0.003586	0.640744	img__0_1683167008332107000.png
1683167002982	-5.291113	5.775530	-0.974608	-0.764586	0.034981	0.002521	0.643566	img__0_1683167008387628000.png
1683167003027	-5.284425	5.721476	-0.971035	-0.762197	0.035215	0.002582	0.646382	img__0_1683167008431352000.png
1683167003090	-5.276455	5.643915	-0.966121	-0.758420	0.035923	0.004956	0.650756	img__0_1683167008494820000.png
1683167003138	-5.271452	5.583249	-0.962973	-0.755340	0.035644	0.006459	0.654332	img__0_1683167008542277000.png
1683167003186	-5.267318	5.521150	-0.960596	-0.752162	0.035084	0.008030	0.657995	img__0_1683167008591723000.png
1683167003234	-5.263948	5.457699	-0.957455	-0.748769	0.034266	0.006995	0.661907	img__0_1683167008639851000.png
1683167003285	-5.261225	5.388807	-0.953888	-0.745091	0.033978	0.007792	0.666051	img__0_1683167008689802000.png
1683167003333	-5.259447	5.322592	-0.950281	-0.741513	0.032628	0.006947	0.670109	img__0_1683167008738850000.png
1683167003384	-5.258414	5.250773	-0.947401	-0.737726	0.031463	0.008173	0.674318	img__0_1683167008787012000.png
1683167003432	-5.258170	5.181848	-0.945055	-0.734155	0.030159	0.008222	0.678262	img__0_1683167008837406000.png
1683167003498	-5.258923	5.085038	-0.942347	-0.729207	0.029438	0.008320	0.683609	img__0_1683167008902467000.png
1683167003546	-5.260242	5.013168	-0.940895	-0.725660	0.029226	0.010140	0.687358	img__0_1683167008951839000.png
1683167003597	-5.262326	4.935380	-0.940818	-0.721948	0.028219	0.010099	0.691298	img__0_1683167009001310000.png
1683167003645	-5.264881	4.860846	-0.941851	-0.718491	0.028352	0.012724	0.694842	img__0_1683167009050709000.png
1683167003690	-5.267744	4.789777	-0.943670	-0.715281	0.028360	0.012259	0.698154	img__0_1683167009095259000.png
1683167003741	-5.271508	4.707872	-0.945779	-0.711686	0.028242	0.014192	0.701786	img__0_1683167009145233000.png
1683167003804	-5.276891	4.604588	-0.949507	-0.707362	0.028344	0.014613	0.706132	img__0_1683167009209408000.png
1683167003864	-5.282731	4.504044	-0.953696	-0.703277	0.028531	0.015177	0.710181	img__0_1683167009269540000.png
1683167003909	-5.287570	4.427216	-0.957416	-0.700199	0.028616	0.015149	0.713213	img__0_1683167009313487000.png
1683167003954	-5.292809	4.349168	-0.961642	-0.697091	0.028736	0.015049	0.716249	img__0_1683167009358202000.png
1683167004005	-5.299243	4.259227	-0.967261	-0.693560	0.028593	0.015676	0.719660	img__0_1683167009411129000.png
1683167004047	-5.304939	4.183941	-0.972887	-0.690675	0.028439	0.016303	0.722422	img__0_1683167009452822000.png
1683167004095	-5.311862	4.096528	-0.980596	-0.687493	0.028261	0.018136	0.725415	img__0_1683167009499845000.png
1683167004161	-5.321992	3.973973	-0.992016	-0.683259	0.028024	0.019103	0.729388	img__0_1683167009566323000.png
1683167004209	-5.329780	3.883078	-1.001254	-0.680261	0.028451	0.019959	0.732146	img__0_1683167009612813000.png
1683167004266	-5.339461	3.773082	-1.013936	-0.676829	0.028793	0.022194	0.735242	img__0_1683167009669453000.png
1683167004308	-5.346856	3.690592	-1.023886	-0.674393	0.027888	0.021699	0.737527	img__0_1683167009711837000.png
1683167004353	-5.355004	3.600937	-1.034281	-0.671784	0.026926	0.019481	0.740001	img__0_1683167009757913000.png
1683167004404	-5.364546	3.497798	-1.046117	-0.668845	0.026985	0.020510	0.742629	img__0_1683167009807577000.png
1683167004467	-5.376791	3.368172	-1.060866	-0.665277	0.025597	0.017887	0.745943	img__0_1683167009872179000.png
1683167004524	-5.388355	3.248875	-1.075232	-0.662179	0.023986	0.015956	0.748792	img__0_1683167009927518000.png
1683167004566	-5.397179	3.159834	-1.086626	-0.659925	0.023088	0.014856	0.750830	img__0_1683167009969637000.png
1683167004614	-5.407598	3.056926	-1.101329	-0.657483	0.021636	0.013632	0.753035	img__0_1683167010018516000.png
1683167004662	-5.418361	2.952918	-1.117314	-0.655146	0.019418	0.010875	0.755174	img__0_1683167010065488000.png
1683167004710	-5.429471	2.847983	-1.134201	-0.652868	0.018093	0.008726	0.757205	img__0_1683167010115609000.png
1683167004761	-5.441643	2.735692	-1.150947	-0.650456	0.017080	0.005824	0.759330	img__0_1683167010166160000.png
1683167004809	-5.453508	2.629366	-1.166279	-0.648187	0.015086	0.001809	0.761330	img__0_1683167010214990000.png
1683167004875	-5.470562	2.482537	-1.186692	-0.645007	0.010673	-0.005281	0.764084	img__0_1683167010281183000.png
1683167004926	-5.484446	2.368938	-1.204659	-0.642581	0.007434	-0.009733	0.766120	img__0_1683167010331235000.png
1683167004971	-5.497228	2.268863	-1.222048	-0.640450	0.005740	-0.012933	0.767869	img__0_1683167010375412000.png
1683167005022	-5.512289	2.155812	-1.241147	-0.637946	0.003823	-0.016891	0.769887	img__0_1683167010427566000.png
1683167005070	-5.527083	2.049963	-1.259200	-0.635512	0.001155	-0.020320	0.771823	img__0_1683167010474473000.png
1683167005118	-5.542537	1.944891	-1.278849	-0.633067	-0.000520	-0.023326	0.773745	img__0_1683167010523369000.png
1683167005166	-5.558661	1.840756	-1.299652	-0.630542	-0.001844	-0.026456	0.775702	img__0_1683167010572126000.png
1683167005235	-5.583063	1.693000	-1.330769	-0.626658	-0.004051	-0.031243	0.778657	img__0_1683167010638930000.png
1683167005283	-5.600931	1.591772	-1.352896	-0.623781	-0.005410	-0.034223	0.780831	img__0_1683167010688579000.png
1683167005331	-5.619596	1.492029	-1.376223	-0.620832	-0.006689	-0.036176	0.783080	img__0_1683167010734773000.png
1683167005379	-5.639094	1.393945	-1.401482	-0.617829	-0.008119	-0.038098	0.785347	img__0_1683167010783686000.png
1683167005427	-5.659443	1.297688	-1.429353	-0.614789	-0.009962	-0.040093	0.787609	img__0_1683167010831929000.png
1683167005478	-5.681954	1.197516	-1.461164	-0.611564	-0.012797	-0.042219	0.789965	img__0_1683167010881718000.png
1683167005523	-5.702451	1.110883	-1.488706	-0.608779	-0.017619	-0.043946	0.791926	img__0_1683167010928283000.png
1683167005595	-5.736144	0.975891	-1.529662	-0.605012	-0.023944	-0.043543	0.794664	img__0_1683167010999701000.png
1683167005640	-5.757569	0.893886	-1.553023	-0.603130	-0.024554	-0.041445	0.796187	img__0_1683167011044592000.png
1683167005691	-5.782084	0.803141	-1.577763	-0.601227	-0.025536	-0.040598	0.797638	img__0_1683167011095096000.png
1683167005736	-5.803874	0.725137	-1.599558	-0.599837	-0.028426	-0.037775	0.798724	img__0_1683167011139849000.png
1683167005784	-5.827124	0.643994	-1.622112	-0.598938	-0.032037	-0.032937	0.799476	img__0_1683167011190413000.png
1683167005835	-5.851544	0.560017	-1.645219	-0.598813	-0.035824	-0.026368	0.799653	img__0_1683167011239987000.png
1683167005883	-5.873910	0.483166	-1.668554	-0.599749	-0.037957	-0.022924	0.798958	img__0_1683167011289109000.png
1683167005955	-5.905876	0.371765	-1.708128	-0.602530	-0.034266	-0.017057	0.797178	img__0_1683167011358723000.png
1683167005994	-5.922530	0.312829	-1.727235	-0.604262	-0.027467	-0.012300	0.796217	img__0_1683167011399774000.png
1683167006045	-5.943868	0.236577	-1.745155	-0.606216	-0.015114	-0.004263	0.795145	img__0_1683167011449407000.png
1683167006102	-5.967225	0.152017	-1.759646	-0.608299	-0.005901	0.004338	0.793674	img__0_1683167011505972000.png
1683167006141	-5.982954	0.094248	-1.766844	-0.609778	-0.000711	0.009674	0.792513	img__0_1683167011545763000.png
1683167006189	-6.002051	0.022897	-1.774455	-0.611801	0.003565	0.016186	0.790838	img__0_1683167011594875000.png
1683167006261	-6.030029	-0.085358	-1.785542	-0.615307	0.011058	0.025652	0.787792	img__0_1683167011665400000.png
1683167006306	-6.047106	-0.154212	-1.792006	-0.617556	0.015137	0.030852	0.785776	img__0_1683167011710375000.png
1683167006357	-6.066118	-0.233871	-1.800094	-0.619924	0.023013	0.033505	0.783609	img__0_1683167011761260000.png
1683167006408	-6.084933	-0.315524	-1.808162	-0.622496	0.023335	0.036399	0.781428	img__0_1683167011812668000.png
1683167006456	-6.102456	-0.394396	-1.816369	-0.624816	0.026933	0.037899	0.779387	img__0_1683167011859945000.png
1683167006501	-6.118750	-0.470179	-1.823979	-0.626698	0.031212	0.037488	0.777734	img__0_1683167011906087000.png
1683167006552	-6.137197	-0.558363	-1.832672	-0.629420	0.023999	0.038999	0.775715	img__0_1683167011957480000.png
1683167006600	-6.154354	-0.643445	-1.840602	-0.632349	0.018451	0.039076	0.773478	img__0_1683167012004571000.png
1683167006669	-6.178204	-0.768932	-1.851398	-0.636599	0.018179	0.038214	0.770033	img__0_1683167012072988000.png
1683167006711	-6.192236	-0.847099	-1.857541	-0.638703	0.022558	0.036176	0.768272	img__0_1683167012116088000.png
1683167006762	-6.208997	-0.943830	-1.863896	-0.641040	0.025304	0.034325	0.766322	img__0_1683167012166436000.png
1683167006807	-6.223648	-1.030944	-1.869540	-0.642769	0.028453	0.032270	0.764851	img__0_1683167012211567000.png
1683167006864	-6.242253	-1.143489	-1.874729	-0.644629	0.030018	0.027998	0.763393	img__0_1683167012268408000.png
1683167006903	-6.255136	-1.221944	-1.878152	-0.645772	0.028743	0.026091	0.762543	img__0_1683167012309387000.png
1683167006954	-6.272174	-1.326376	-1.884928	-0.647549	0.022504	0.026101	0.761244	img__0_1683167012358328000.png
1683167007020	-6.294262	-1.464021	-1.893074	-0.649521	0.018564	0.024625	0.759718	img__0_1683167012425014000.png
1683167007068	-6.310251	-1.565809	-1.900018	-0.651276	0.012167	0.023777	0.758371	img__0_1683167012472552000.png
1683167007113	-6.324996	-1.662266	-1.906695	-0.653020	0.009243	0.021983	0.756965	img__0_1683167012519186000.png
1683167007164	-6.341336	-1.772570	-1.913544	-0.655046	0.004830	0.020426	0.755298	img__0_1683167012570375000.png
1683167007215	-6.357189	-1.883763	-1.920386	-0.657210	0.000797	0.018326	0.753484	img__0_1683167012619638000.png
1683167007263	-6.371606	-1.989013	-1.925945	-0.659122	0.002858	0.016105	0.751859	img__0_1683167012667169000.png
1683167007323	-6.389074	-2.121275	-1.930969	-0.661332	0.000913	0.012780	0.749984	img__0_1683167012729776000.png
1683167007374	-6.403475	-2.234231	-1.935864	-0.663029	0.001190	0.010286	0.748522	img__0_1683167012780565000.png
1683167007425	-6.417571	-2.347543	-1.939889	-0.664472	0.003533	0.009587	0.747243	img__0_1683167012829718000.png
1683167007473	-6.430645	-2.454536	-1.943769	-0.665640	0.003332	0.006695	0.746236	img__0_1683167012879388000.png
1683167007521	-6.443621	-2.561805	-1.947512	-0.666541	0.005984	0.006066	0.745420	img__0_1683167012927029000.png
1683167007572	-6.457407	-2.676084	-1.950162	-0.667300	0.007064	0.005121	0.744738	img__0_1683167012977977000.png
1683167007617	-6.469629	-2.777195	-1.951751	-0.667840	0.007092	0.004964	0.744254	img__0_1683167013022919000.png
1683167007668	-6.483569	-2.892110	-1.954090	-0.668350	0.005661	0.003470	0.743817	img__0_1683167013074433000.png
1683167007719	-6.497596	-3.007294	-1.957081	-0.668800	0.005116	0.004145	0.743413	img__0_1683167013125826000.png
1683167007791	-6.517472	-3.170297	-1.960534	-0.669407	0.004402	0.003785	0.742873	img__0_1683167013195404000.png
1683167007836	-6.529921	-3.272367	-1.960827	-0.669723	0.005035	0.002891	0.742589	img__0_1683167013241040000.png
1683167007890	-6.544946	-3.395043	-1.960628	-0.670018	0.005550	0.002535	0.742320	img__0_1683167013295654000.png
1683167007932	-6.556726	-3.490625	-1.961711	-0.670173	0.005571	0.002329	0.742180	img__0_1683167013337973000.png
1683167007986	-6.571993	-3.613698	-1.963183	-0.670280	0.005074	0.001304	0.742090	img__0_1683167013391709000.png
1683167008031	-6.584834	-3.716379	-1.964315	-0.670261	0.005352	0.000391	0.742106	img__0_1683167013435176000.png
1683167008076	-6.597813	-3.819146	-1.965548	-0.670102	0.005209	-0.001126	0.742250	img__0_1683167013483124000.png
1683167008145	-6.618063	-3.976775	-1.966525	-0.669518	0.004665	-0.004920	0.742765	img__0_1683167013549623000.png
1683167008190	-6.631577	-4.079497	-1.966824	-0.668968	0.003516	-0.006673	0.743253	img__0_1683167013597148000.png
1683167008241	-6.647228	-4.195703	-1.967092	-0.668258	0.001676	-0.009127	0.743872	img__0_1683167013645424000.png
1683167008289	-6.662281	-4.304754	-1.966654	-0.667539	-0.000741	-0.011805	0.744481	img__0_1683167013695691000.png
1683167008334	-6.676676	-4.406564	-1.965652	-0.666863	-0.004093	-0.014014	0.745037	img__0_1683167013741021000.png
1683167008385	-6.693270	-4.521275	-1.963157	-0.666208	-0.007691	-0.016281	0.745548	img__0_1683167013791902000.png
1683167008433	-6.709118	-4.628374	-1.960657	-0.665703	-0.010385	-0.017494	0.745939	img__0_1683167013838805000.png
1683167008496	-6.730170	-4.767465	-1.957162	-0.665191	-0.013302	-0.018856	0.746317	img__0_1683167013901755000.png
1683167008544	-6.746341	-4.872226	-1.953524	-0.664902	-0.014934	-0.019160	0.746535	img__0_1683167013950315000.png
1683167008601	-6.765632	-4.995123	-1.949083	-0.664658	-0.015969	-0.019603	0.746720	img__0_1683167014005858000.png
1683167008643	-6.779883	-5.084601	-1.945416	-0.664489	-0.019470	-0.020990	0.746749	img__0_1683167014049091000.png
1683167008691	-6.796142	-5.185683	-1.939602	-0.664399	-0.022529	-0.022542	0.746699	img__0_1683167014098125000.png
1683167008739	-6.812322	-5.285283	-1.933555	-0.664377	-0.023621	-0.024362	0.746627	img__0_1683167014144012000.png
1683167008802	-6.833465	-5.413568	-1.925692	-0.664292	-0.023889	-0.025800	0.746646	img__0_1683167014208914000.png
1683167008853	-6.850528	-5.515184	-1.921495	-0.664158	-0.024086	-0.024716	0.746795	img__0_1683167014258327000.png
1683167008901	-6.866511	-5.609052	-1.918943	-0.664001	-0.025758	-0.024766	0.746878	img__0_1683167014306023000.png
1683167008958	-6.885324	-5.718383	-1.915313	-0.663880	-0.029750	-0.026447	0.746779	img__0_1683167014363484000.png
1683167009003	-6.899954	-5.802850	-1.912717	-0.663933	-0.034680	-0.026303	0.746524	img__0_1683167014407962000.png
1683167009048	-6.914231	-5.885486	-1.911278	-0.664140	-0.036407	-0.024675	0.746314	img__0_1683167014454346000.png
1683167009099	-6.929829	-5.976797	-1.912813	-0.664259	-0.036345	-0.021014	0.746322	img__0_1683167014505017000.png
1683167009162	-6.948066	-6.086449	-1.916825	-0.663801	-0.045110	-0.020834	0.746256	img__0_1683167014568360000.png
1683167009207	-6.960176	-6.162539	-1.920129	-0.663598	-0.047859	-0.019879	0.746293	img__0_1683167014613611000.png
1683167009258	-6.972839	-6.246559	-1.922977	-0.663464	-0.051612	-0.018675	0.746193	img__0_1683167014665181000.png
1683167009306	-6.983541	-6.323335	-1.925821	-0.663400	-0.054858	-0.018437	0.746024	img__0_1683167014713044000.png
1683167009360	-6.994021	-6.406946	-1.929033	-0.663282	-0.056577	-0.017413	0.746025	img__0_1683167014764565000.png
1683167009405	-7.001513	-6.474529	-1.930159	-0.663477	-0.051441	-0.014383	0.746288	img__0_1683167014810660000.png
1683167009453	-7.008244	-6.544638	-1.930976	-0.663798	-0.046324	-0.010770	0.746399	img__0_1683167014858993000.png
1683167009516	-7.014811	-6.633435	-1.938568	-0.664719	-0.044546	-0.005622	0.745743	img__0_1683167014921829000.png
1683167009567	-7.018423	-6.703264	-1.945993	-0.666574	-0.037729	-0.000699	0.744483	img__0_1683167014972241000.png
1683167009615	-7.020400	-6.767571	-1.956246	-0.668815	-0.026006	-0.000347	0.742974	img__0_1683167015021476000.png
1683167009663	-7.021359	-6.830941	-1.968481	-0.671063	-0.019790	0.004701	0.741122	img__0_1683167015069928000.png
1683167009711	-7.021482	-6.893787	-1.982973	-0.672675	-0.005953	0.003109	0.739908	img__0_1683167015117501000.png
1683167009762	-7.021133	-6.960385	-1.999114	-0.673940	-0.005291	0.008449	0.738719	img__0_1683167015168938000.png
1683167009810	-7.020482	-7.023117	-2.008227	-0.675574	-0.005733	0.013956	0.737138	img__0_1683167015216317000.png
1683167009882	-7.018499	-7.117685	-2.014854	-0.678933	-0.004327	0.020568	0.733900	img__0_1683167015288514000.png
1683167009924	-7.016584	-7.173324	-2.017551	-0.681235	-0.002976	0.022181	0.731722	img__0_1683167015330096000.png
1683167009972	-7.013746	-7.237421	-2.018395	-0.684088	-0.002009	0.022333	0.729055	img__0_1683167015379478000.png
1683167010020	-7.010194	-7.302119	-2.018073	-0.687109	-0.001452	0.020725	0.726257	img__0_1683167015425893000.png
1683167010068	-7.005898	-7.367476	-2.019232	-0.690272	-0.000623	0.021425	0.723233	img__0_1683167015474671000.png
1683167010119	-7.000553	-7.437642	-2.020918	-0.693843	-0.001063	0.022279	0.719781	img__0_1683167015523776000.png
1683167010185	-6.992284	-7.529697	-2.026697	-0.698633	0.003290	0.023239	0.715095	img__0_1683167015591192000.png
1683167010233	-6.985452	-7.597621	-2.031628	-0.702171	0.004531	0.021931	0.711656	img__0_1683167015638282000.png
1683167010281	-6.978088	-7.666333	-2.035482	-0.705792	0.004248	0.021315	0.708086	img__0_1683167015686457000.png
1683167010329	-6.970211	-7.735781	-2.038476	-0.709541	0.001403	0.017888	0.704436	img__0_1683167015734580000.png
1683167010377	-6.961792	-7.805854	-2.041301	-0.713286	0.001170	0.021187	0.700552	img__0_1683167015783451000.png
1683167010425	-6.952726	-7.876594	-2.044604	-0.717215	-0.000440	0.020822	0.696540	img__0_1683167015830537000.png
1683167010473	-6.942987	-7.947944	-2.048243	-0.721209	-0.001004	0.016761	0.692514	img__0_1683167015880181000.png
1683167010542	-6.927899	-8.051360	-2.054952	-0.727022	-0.002724	0.015999	0.686423	img__0_1683167015948930000.png
1683167010587	-6.917324	-8.119277	-2.061414	-0.730998	-0.003763	0.015723	0.682188	img__0_1683167015992689000.png
1683167010632	-6.906188	-8.187484	-2.068046	-0.735101	-0.005241	0.014689	0.677778	img__0_1683167016038881000.png
1683167010692	-6.890532	-8.278725	-2.074524	-0.740482	-0.005728	0.012112	0.671943	img__0_1683167016096827000.png
1683167010734	-6.879100	-8.342714	-2.076243	-0.744009	-0.005494	0.009456	0.668081	img__0_1683167016141250000.png
1683167010782	-6.865646	-8.415900	-2.075358	-0.747676	-0.004726	0.009572	0.663978	img__0_1683167016188706000.png
1683167010845	-6.847264	-8.512096	-2.075315	-0.752261	-0.004667	0.009497	0.658780	img__0_1683167016251898000.png
1683167010893	-6.832685	-8.585507	-2.077485	-0.755669	-0.004557	0.010047	0.654861	img__0_1683167016300111000.png
1683167010941	-6.817586	-8.659051	-2.081398	-0.759015	-0.003688	0.013443	0.650924	img__0_1683167016346833000.png
1683167010998	-6.798892	-8.746677	-2.087458	-0.763016	-0.004431	0.013989	0.646213	img__0_1683167016403233000.png
1683167011040	-6.784612	-8.811422	-2.090670	-0.765833	-0.004299	0.013874	0.642876	img__0_1683167016445922000.png
1683167011091	-6.766673	-8.890259	-2.093988	-0.768960	-0.003493	0.013499	0.639145	img__0_1683167016496270000.png
1683167011154	-6.743662	-8.988016	-2.097065	-0.772343	-0.000238	0.015057	0.635027	img__0_1683167016561691000.png
1683167011202	-6.725461	-9.062959	-2.101302	-0.774646	0.002477	0.017636	0.632144	img__0_1683167016609637000.png
1683167011253	-6.705519	-9.143194	-2.106763	-0.777121	0.002035	0.016673	0.629127	img__0_1683167016659911000.png
1683167011304	-6.685008	-9.224006	-2.111509	-0.779582	0.001811	0.016423	0.626083	img__0_1683167016708900000.png
1683167011352	-6.665197	-9.300529	-2.115252	-0.781925	-0.000294	0.011528	0.623266	img__0_1683167016758631000.png
1683167011397	-6.646245	-9.372542	-2.118133	-0.784026	-0.000922	0.012397	0.620604	img__0_1683167016802397000.png
1683167011445	-6.625568	-9.449628	-2.123216	-0.786402	-0.002967	0.008907	0.617644	img__0_1683167016850004000.png
1683167011490	-6.605782	-9.522032	-2.129079	-0.788701	-0.006169	0.008846	0.614682	img__0_1683167016897377000.png
1683167011562	-6.573289	-9.637820	-2.137909	-0.792491	-0.008805	0.007029	0.609780	img__0_1683167016968574000.png
1683167011610	-6.551032	-9.714833	-2.143777	-0.795015	-0.008810	0.004833	0.606507	img__0_1683167017015438000.png
1683167011661	-6.526937	-9.796431	-2.149197	-0.797514	-0.009271	0.004822	0.603209	img__0_1683167017066984000.png
1683167011706	-6.505298	-9.868203	-2.153711	-0.799575	-0.008879	0.006623	0.600465	img__0_1683167017113827000.png
1683167011757	-6.480302	-9.949354	-2.157651	-0.801760	-0.009253	0.009786	0.597494	img__0_1683167017163397000.png
1683167011802	-6.457732	-10.020847	-2.160481	-0.803603	-0.009887	0.010655	0.594989	img__0_1683167017209058000.png
1683167011853	-6.431498	-10.101762	-2.162649	-0.805559	-0.010908	0.013326	0.592266	img__0_1683167017258732000.png
1683167011907	-6.402759	-10.187315	-2.166501	-0.807640	-0.012263	0.011979	0.589426	img__0_1683167017313991000.png
1683167011961	-6.373041	-10.272675	-2.170947	-0.809574	-0.012706	0.009715	0.586800	img__0_1683167017368339000.png
1683167012009	-6.345894	-10.348305	-2.174528	-0.811168	-0.012567	0.009092	0.584607	img__0_1683167017417039000.png
1683167012060	-6.316333	-10.428383	-2.178323	-0.812877	-0.011401	0.009449	0.582248	img__0_1683167017466005000.png
1683167012108	-6.287836	-10.503509	-2.182663	-0.814653	-0.012239	0.008337	0.579760	img__0_1683167017515396000.png
1683167012180	-6.244034	-10.615732	-2.187712	-0.817356	-0.009840	0.005353	0.576024	img__0_1683167017586858000.png
1683167012228	-6.214273	-10.690234	-2.190608	-0.819130	-0.009242	0.002790	0.573527	img__0_1683167017633970000.png
1683167012279	-6.182286	-10.769055	-2.193527	-0.820846	-0.008810	0.000360	0.571082	img__0_1683167017684516000.png
1683167012321	-6.155736	-10.833664	-2.196395	-0.822192	-0.009157	-0.000795	0.569135	img__0_1683167017728141000.png
1683167012372	-6.123293	-10.911704	-2.199924	-0.823831	-0.009934	-0.001008	0.566747	img__0_1683167017777223000.png
1683167012417	-6.094490	-10.980184	-2.201657	-0.825193	-0.010178	-0.001185	0.564758	img__0_1683167017822419000.png
1683167012465	-6.063560	-11.052787	-2.204172	-0.826736	-0.010724	-0.000128	0.562488	img__0_1683167017873033000.png
1683167012516	-6.030408	-11.129433	-2.207375	-0.828441	-0.011639	0.001690	0.559953	img__0_1683167017922055000.png
1683167012567	-5.996857	-11.205578	-2.210772	-0.830232	-0.014581	0.003828	0.557214	img__0_1683167017972514000.png
1683167012627	-5.956590	-11.294403	-2.215694	-0.832759	-0.018615	0.006844	0.553281	img__0_1683167018035219000.png
1683167012675	-5.923595	-11.364836	-2.218329	-0.834858	-0.024305	0.011103	0.549816	img__0_1683167018081544000.png
1683167012726	-5.887372	-11.438880	-2.223335	-0.837547	-0.036884	0.016478	0.544870	img__0_1683167018132560000.png
1683167012777	-5.849379	-11.511736	-2.230735	-0.841287	-0.043447	0.018371	0.538526	img__0_1683167018182676000.png
1683167012822	-5.814298	-11.574915	-2.236366	-0.845064	-0.045053	0.019314	0.532414	img__0_1683167018228678000.png
1683167012870	-5.775373	-11.641224	-2.239241	-0.849295	-0.044915	0.018458	0.525681	img__0_1683167018277399000.png
1683167012936	-5.718945	-11.730222	-2.243218	-0.855384	-0.044863	0.018364	0.515721	img__0_1683167018344221000.png
1683167012984	-5.675982	-11.793473	-2.244243	-0.859794	-0.038590	0.017810	0.508870	img__0_1683167018389473000.png
1683167013032	-5.631551	-11.855658	-2.244029	-0.863939	-0.034755	0.016684	0.502118	img__0_1683167018438967000.png
1683167013080	-5.585800	-11.916900	-2.242018	-0.867817	-0.031830	0.016769	0.495579	img__0_1683167018486003000.png
1683167013128	-5.538632	-11.977186	-2.240702	-0.871633	-0.032395	0.017356	0.488779	img__0_1683167018535976000.png
1683167013179	-5.487068	-12.040274	-2.238182	-0.875634	-0.029835	0.017236	0.481745	img__0_1683167018584588000.png
1683167013245	-5.418277	-12.120592	-2.233092	-0.880482	-0.027707	0.017486	0.472946	img__0_1683167018651762000.png
1683167013293	-5.366685	-12.178049	-2.230828	-0.883978	-0.029234	0.017436	0.466288	img__0_1683167018698934000.png
1683167013341	-5.313745	-12.234658	-2.229729	-0.887591	-0.026350	0.016337	0.459588	img__0_1683167018747639000.png
1683167013392	-5.256190	-12.293971	-2.228383	-0.891256	-0.022075	0.014808	0.452720	img__0_1683167018798242000.png
1683167013437	-5.204386	-12.345686	-2.227846	-0.894260	-0.021052	0.014907	0.446804	img__0_1683167018844217000.png
1683167013485	-5.148025	-12.400213	-2.230660	-0.897483	-0.018327	0.011593	0.440515	img__0_1683167018893177000.png
1683167013536	-5.087128	-12.457496	-2.235996	-0.900658	-0.017055	0.009222	0.434095	img__0_1683167018943453000.png
1683167013599	-5.010925	-12.527473	-2.240228	-0.904208	-0.013089	0.004743	0.426865	img__0_1683167019006782000.png
1683167013647	-4.952324	-12.580215	-2.242977	-0.906626	-0.015001	0.003862	0.421651	img__0_1683167019053868000.png
1683167013698	-4.889596	-12.635645	-2.246987	-0.909127	-0.011107	0.003487	0.416357	img__0_1683167019104548000.png
1683167013743	-4.833958	-12.684172	-2.249477	-0.911152	-0.006721	0.003162	0.412004	img__0_1683167019150442000.png
1683167013794	-4.770671	-12.738904	-2.250844	-0.913214	-0.003867	0.002083	0.407457	img__0_1683167019201000000.png
1683167013842	-4.710953	-12.790244	-2.253005	-0.914983	-0.002661	0.001235	0.403482	img__0_1683167019248698000.png
1683167013893	-4.647423	-12.844649	-2.257167	-0.916744	-0.001631	-0.001733	0.399469	img__0_1683167019301081000.png
1683167013941	-4.587692	-12.895731	-2.261799	-0.918242	0.000223	-0.003512	0.396003	img__0_1683167019349119000.png
1683167013995	-4.520689	-12.953087	-2.267500	-0.919820	0.000250	-0.003839	0.392321	img__0_1683167019401303000.png
1683167014058	-4.442812	-13.019865	-2.273348	-0.921534	0.000632	-0.004120	0.388276	img__0_1683167019466603000.png
1683167014109	-4.380028	-13.073828	-2.277903	-0.922775	0.000956	-0.004508	0.385311	img__0_1683167019515160000.png
1683167014157	-4.321175	-13.124547	-2.282057	-0.923861	0.000185	-0.003228	0.382716	img__0_1683167019563040000.png
1683167014205	-4.262505	-13.175196	-2.286485	-0.924910	-0.000028	-0.002701	0.380176	img__0_1683167019612191000.png
1683167014259	-4.196665	-13.232083	-2.291710	-0.926011	-0.000642	-0.002347	0.377490	img__0_1683167019665357000.png
1683167014307	-4.138263	-13.282553	-2.296250	-0.926904	-0.000982	-0.002337	0.375291	img__0_1683167019713951000.png
1683167014358	-4.076328	-13.336061	-2.301133	-0.927781	-0.001535	-0.001309	0.373120	img__0_1683167019765335000.png
1683167014403	-4.021739	-13.383167	-2.305291	-0.928497	-0.002395	0.000549	0.371331	img__0_1683167019808986000.png
1683167014466	-3.945271	-13.448951	-2.310915	-0.929477	-0.002499	0.002153	0.368865	img__0_1683167019873961000.png
1683167014514	-3.886901	-13.498961	-2.314685	-0.930178	-0.002284	0.003111	0.367087	img__0_1683167019919772000.png
1683167014562	-3.828394	-13.548899	-2.317866	-0.930843	-0.002713	0.004286	0.365385	img__0_1683167019967946000.png
1683167014613	-3.766029	-13.601883	-2.320665	-0.931508	-0.002425	0.004014	0.363690	img__0_1683167020021146000.png
1683167014658	-3.710829	-13.648576	-2.323823	-0.932041	-0.001585	0.002699	0.362341	img__0_1683167020065334000.png
1683167014706	-3.651824	-13.698330	-2.328225	-0.932595	-0.001638	0.002287	0.360915	img__0_1683167020114533000.png
1683167014775	-3.566844	-13.769753	-2.333816	-0.933327	-0.001424	0.002375	0.359016	img__0_1683167020182493000.png
1683167014823	-3.507628	-13.819382	-2.336576	-0.933828	-0.000723	0.002106	0.357715	img__0_1683167020229818000.png
1683167014871	-3.448335	-13.868983	-2.338845	-0.934263	-0.000435	0.001724	0.356579	img__0_1683167020278973000.png
1683167014922	-3.385272	-13.921659	-2.342383	-0.934718	-0.001699	0.001428	0.355382	img__0_1683167020328344000.png
1683167014970	-3.325861	-13.971167	-2.345868	-0.935170	-0.002098	0.001110	0.354191	img__0_1683167020377600000.png
1683167015018	-3.266400	-14.020584	-2.349468	-0.935636	-0.001905	0.000698	0.352960	img__0_1683167020426590000.png
1683167015069	-3.203187	-14.072988	-2.353483	-0.936144	-0.001211	0.000694	0.351615	img__0_1683167020476265000.png
1683167015117	-3.143672	-14.122232	-2.357001	-0.936600	-0.001293	0.000194	0.350398	img__0_1683167020524311000.png
1683167015165	-3.084149	-14.171399	-2.360793	-0.937077	-0.001734	0.000788	0.349117	img__0_1683167020573771000.png
1683167015231	-3.002253	-14.238866	-2.366038	-0.937751	-0.001779	0.001519	0.347302	img__0_1683167020637507000.png
1683167015285	-2.935166	-14.293958	-2.369834	-0.938239	-0.001535	0.002165	0.345977	img__0_1683167020691881000.png
1683167015333	-2.875447	-14.342868	-2.372519	-0.938665	-0.001472	0.002688	0.344816	img__0_1683167020739822000.png
1683167015378	-2.819367	-14.388680	-2.374594	-0.939083	-0.002144	0.003046	0.343672	img__0_1683167020784363000.png
1683167015426	-2.759412	-14.437476	-2.377510	-0.939578	-0.003310	0.004240	0.342293	img__0_1683167020833134000.png
1683167015474	-2.699260	-14.486176	-2.379911	-0.940115	-0.004188	0.006053	0.340777	img__0_1683167020880278000.png
1683167015522	-2.638821	-14.534766	-2.382202	-0.940703	-0.004698	0.007259	0.339121	img__0_1683167020930035000.png
1683167015591	-2.551342	-14.604424	-2.384703	-0.941620	-0.004875	0.008824	0.336526	img__0_1683167020997681000.png
1683167015639	-2.490002	-14.652760	-2.386229	-0.942282	-0.004593	0.008055	0.334693	img__0_1683167021047673000.png
1683167015690	-2.424413	-14.704011	-2.387045	-0.942963	-0.004947	0.007476	0.332778	img__0_1683167021096073000.png
1683167015735	-2.366221	-14.749125	-2.386650	-0.943559	-0.004834	0.007109	0.331092	img__0_1683167021143565000.png
1683167015786	-2.299923	-14.800126	-2.385515	-0.944185	-0.003880	0.004610	0.329361	img__0_1683167021193897000.png
1683167015834	-2.237268	-14.848001	-2.384364	-0.944670	-0.002740	0.004037	0.327986	img__0_1683167021240481000.png
1683167015879	-2.178372	-14.892803	-2.382516	-0.945048	-0.002697	0.004026	0.326896	img__0_1683167021287783000.png
1683167015942	-2.095651	-14.955411	-2.380698	-0.945481	-0.002610	0.003829	0.325644	img__0_1683167021350776000.png
1683167015993	-2.028469	-15.005990	-2.379105	-0.945741	-0.003782	0.003405	0.324883	img__0_1683167021401560000.png
1683167016041	-1.965073	-15.053464	-2.377481	-0.945902	-0.003640	0.001949	0.324427	img__0_1683167021449845000.png
1683167016092	-1.897594	-15.103748	-2.375083	-0.945966	-0.002890	0.002027	0.324247	img__0_1683167021499099000.png
1683167016140	-1.833990	-15.150955	-2.371354	-0.945927	-0.002431	0.002678	0.324360	img__0_1683167021547767000.png
1683167016188	-1.770276	-15.198073	-2.365865	-0.945778	-0.002077	0.004492	0.324777	img__0_1683167021594510000.png
1683167016236	-1.706387	-15.245145	-2.360546	-0.945546	-0.000885	0.004492	0.325456	img__0_1683167021643538000.png
1683167016308	-1.610222	-15.315754	-2.354413	-0.945114	-0.000477	0.003269	0.326723	img__0_1683167021713760000.png
1683167016353	-1.549967	-15.359885	-2.351786	-0.944799	-0.001135	0.002177	0.327641	img__0_1683167021759503000.png
1683167016407	-1.477562	-15.412791	-2.350188	-0.944479	-0.002792	0.001270	0.328556	img__0_1683167021813233000.png
1683167016449	-1.421186	-15.453834	-2.349662	-0.944326	-0.004783	0.001197	0.328975	img__0_1683167021857408000.png
1683167016497	-1.356665	-15.500536	-2.349879	-0.944315	-0.006945	0.001693	0.328965	img__0_1683167021904379000.png
1683167016545	-1.291995	-15.546938	-2.350879	-0.944459	-0.008397	0.002413	0.328513	img__0_1683167021952052000.png
1683167016593	-1.227141	-15.593006	-2.351235	-0.944693	-0.009199	0.002686	0.327817	img__0_1683167022000201000.png
1683167016659	-1.137589	-15.655723	-2.352213	-0.945177	-0.010949	0.004153	0.326349	img__0_1683167022068118000.png
1683167016707	-1.072112	-15.700839	-2.353195	-0.945619	-0.009258	0.004369	0.325116	img__0_1683167022115468000.png
1683167016758	-1.002241	-15.748393	-2.352385	-0.946007	-0.009179	0.005262	0.323973	img__0_1683167022166488000.png
1683167016809	-0.932030	-15.795586	-2.350169	-0.946387	-0.008551	0.005978	0.322866	img__0_1683167022215918000.png
1683167016854	-0.869762	-15.836942	-2.347885	-0.946693	-0.007683	0.006311	0.321984	img__0_1683167022261683000.png
1683167016905	-0.798817	-15.883525	-2.345477	-0.946995	-0.007425	0.006069	0.321105	img__0_1683167022313461000.png
1683167016956	-0.727499	-15.929835	-2.342694	-0.947280	-0.004523	0.006453	0.320311	img__0_1683167022363748000.png
1683167017004	-0.660065	-15.973272	-2.339506	-0.947466	-0.002225	0.005790	0.319797	img__0_1683167022413275000.png
1683167017064	-0.575431	-16.027517	-2.334615	-0.947569	0.000322	0.004981	0.319513	img__0_1683167022471358000.png
1683167017112	-0.507530	-16.070961	-2.329642	-0.947578	0.001480	0.003972	0.319495	img__0_1683167022521312000.png
1683167017166	-0.431005	-16.119946	-2.323068	-0.947505	0.002901	0.003545	0.319708	img__0_1683167022572559000.png
1683167017214	-0.362905	-16.163643	-2.316813	-0.947358	0.004555	0.002657	0.320132	img__0_1683167022622820000.png
1683167017262	-0.294788	-16.207544	-2.310714	-0.947158	0.006313	0.001876	0.320699	img__0_1683167022669861000.png
1683167017310	-0.226710	-16.251717	-2.304374	-0.946892	0.008889	0.001398	0.321427	img__0_1683167022717262000.png
1683167017358	-0.158739	-16.296238	-2.297529	-0.946553	0.010740	-0.001352	0.322367	img__0_1683167022766810000.png
1683167017409	-0.086769	-16.343996	-2.290310	-0.946163	0.012103	-0.001881	0.323459	img__0_1683167022816914000.png
1683167017478	0.010078	-16.409430	-2.280586	-0.945614	0.012417	-0.002114	0.325047	img__0_1683167022886540000.png
1683167017529	0.081248	-16.458452	-2.274367	-0.945224	0.012080	-0.001630	0.326196	img__0_1683167022938248000.png
1683167017580	0.152094	-16.507998	-2.268624	-0.944831	0.011620	-0.001398	0.327348	img__0_1683167022986780000.png
1683167017619	0.206058	-16.546240	-2.264880	-0.944543	0.011158	-0.000625	0.328198	img__0_1683167023027901000.png
1683167017673	0.280528	-16.599682	-2.260273	-0.944145	0.010298	0.000109	0.329370	img__0_1683167023082176000.png
1683167017727	0.354762	-16.653656	-2.255995	-0.943769	0.009790	0.001004	0.330460	img__0_1683167023135213000.png
1683167017769	0.412378	-16.695982	-2.252190	-0.943490	0.009135	0.001722	0.331269	img__0_1683167023177069000.png
1683167017817	0.478132	-16.744717	-2.247629	-0.943191	0.008419	0.002292	0.332137	img__0_1683167023226370000.png
1683167017886	0.572562	-16.815420	-2.242003	-0.942797	0.006749	0.003204	0.333283	img__0_1683167023293037000.png
1683167017934	0.638251	-16.865000	-2.238627	-0.942558	0.004519	0.003164	0.333996	img__0_1683167023341516000.png
1683167017982	0.703968	-16.914806	-2.235253	-0.942375	0.003004	0.003512	0.334526	img__0_1683167023388995000.png
1683167018030	0.769755	-16.964767	-2.232269	-0.942243	0.001760	0.004861	0.334891	img__0_1683167023437234000.png
1683167018075	0.831566	-17.011728	-2.230746	-0.942183	0.000302	0.006984	0.335025	img__0_1683167023484568000.png
1683167018126	0.901900	-17.065058	-2.230670	-0.942233	-0.000083	0.007487	0.334876	img__0_1683167023534792000.png
1683167018177	0.972576	-17.118479	-2.231059	-0.942363	-0.001486	0.009075	0.334465	img__0_1683167023585465000.png
1683167018237	1.056247	-17.181400	-2.231514	-0.942605	-0.001773	0.009451	0.333771	img__0_1683167023646105000.png
1683167018291	1.132100	-17.238081	-2.232386	-0.942857	-0.002154	0.011544	0.332992	img__0_1683167023698653000.png
1683167018339	1.200043	-17.288521	-2.233857	-0.943134	-0.001967	0.012295	0.332181	img__0_1683167023747163000.png
1683167018387	1.268463	-17.339022	-2.234149	-0.943434	-0.002059	0.010895	0.331376	img__0_1683167023795397000.png
1683167018438	1.341644	-17.392733	-2.233350	-0.943766	-0.001617	0.009952	0.330460	img__0_1683167023844859000.png
1683167018486	1.410941	-17.443333	-2.232119	-0.944094	-0.001533	0.009181	0.329544	img__0_1683167023893773000.png
1683167018543	1.493702	-17.503471	-2.229681	-0.944459	-0.001269	0.008337	0.328520	img__0_1683167023950429000.png
1683167018585	1.554970	-17.547817	-2.226576	-0.944671	-0.001359	0.007389	0.327934	img__0_1683167023992484000.png
1683167018633	1.625261	-17.598516	-2.222379	-0.944861	-0.001026	0.006408	0.327408	img__0_1683167024040128000.png
