TimeStamp	POS_X	POS_Y	POS_Z	Q_W	Q_X	Q_Y	Q_Z	ImageFile
1683168540316	7.336125	-0.909540	-0.472953	0.762268	-0.011673	0.030974	0.646414	img__0_1683168566551807000.png
1683168540382	7.353824	-0.798832	-0.452891	0.759858	-0.009966	0.028428	0.649391	img__0_1683168566617366000.png
1683168540433	7.366551	-0.714966	-0.438860	0.758011	-0.009703	0.025842	0.651658	img__0_1683168566669053000.png
1683168540484	7.378577	-0.632417	-0.425389	0.756154	-0.009837	0.024216	0.653871	img__0_1683168566718835000.png
1683168540526	7.387932	-0.565526	-0.417685	0.754642	-0.009657	0.023482	0.655646	img__0_1683168566760883000.png
1683168540574	7.398028	-0.490276	-0.413274	0.752832	-0.007790	0.023858	0.657734	img__0_1683168566811497000.png
1683168540628	7.408554	-0.406994	-0.412482	0.750650	-0.003564	0.023537	0.660271	img__0_1683168566863198000.png
1683168540670	7.416098	-0.343038	-0.413369	0.749058	-0.002344	0.019063	0.662227	img__0_1683168566905461000.png
1683168540718	7.424158	-0.270634	-0.415901	0.747573	-0.002124	0.011816	0.664071	img__0_1683168566954783000.png
1683168540787	7.435124	-0.167269	-0.418311	0.745335	0.005158	0.005142	0.666650	img__0_1683168567021807000.png
1683168540835	7.442364	-0.095456	-0.418867	0.743668	0.006405	0.000810	0.668518	img__0_1683168567069777000.png
1683168540883	7.449362	-0.023496	-0.419081	0.742038	0.007608	-0.002161	0.670311	img__0_1683168567119987000.png
1683168540937	7.457044	0.057780	-0.418305	0.740200	0.009271	-0.004431	0.672308	img__0_1683168567173009000.png
1683168540982	7.463317	0.125882	-0.417092	0.738668	0.009878	-0.005904	0.673972	img__0_1683168567219636000.png
1683168541030	7.469904	0.198973	-0.415489	0.737032	0.010710	-0.006480	0.675741	img__0_1683168567265933000.png
1683168541081	7.476783	0.277192	-0.413616	0.735287	0.010643	-0.006534	0.677641	img__0_1683168567317788000.png
1683168541144	7.485099	0.374629	-0.411418	0.733149	0.010809	-0.006525	0.679951	img__0_1683168567381718000.png
1683168541192	7.491298	0.449467	-0.409785	0.731512	0.011129	-0.006261	0.681709	img__0_1683168567426899000.png
1683168541237	7.496990	0.520100	-0.408113	0.729963	0.010873	-0.005649	0.683377	img__0_1683168567474325000.png
1683168541288	7.503278	0.600675	-0.406143	0.728207	0.009922	-0.004694	0.685269	img__0_1683168567523825000.png
1683168541336	7.509035	0.676965	-0.404312	0.726560	0.009147	-0.003518	0.687033	img__0_1683168567572702000.png
1683168541384	7.514623	0.753632	-0.402613	0.724899	0.008408	-0.002575	0.688799	img__0_1683168567620747000.png
1683168541435	7.520360	0.835449	-0.401219	0.723109	0.008660	-0.001849	0.690677	img__0_1683168567672718000.png
1683168541486	7.525863	0.917607	-0.400093	0.721303	0.007634	-0.000961	0.692576	img__0_1683168567723654000.png
1683168541549	7.532331	1.019479	-0.399143	0.719140	0.005644	-0.000051	0.694843	img__0_1683168567784825000.png
1683168541597	7.537043	1.097280	-0.398707	0.717544	0.004514	0.000663	0.696499	img__0_1683168567834035000.png
1683168541645	7.541586	1.175173	-0.398414	0.715955	0.004379	0.001326	0.698132	img__0_1683168567880676000.png
1683168541693	7.545949	1.253127	-0.398189	0.714340	0.004288	0.001947	0.699783	img__0_1683168567930141000.png
1683168541741	7.550113	1.331118	-0.398176	0.712677	0.003757	0.003277	0.701475	img__0_1683168567978713000.png
1683168541792	7.554296	1.413962	-0.398534	0.710903	0.002068	0.004175	0.703274	img__0_1683168568029528000.png
1683168541840	7.558015	1.491834	-0.399129	0.709199	0.001775	0.005483	0.704985	img__0_1683168568076458000.png
1683168541894	7.561907	1.579255	-0.400190	0.707120	0.003017	0.007496	0.707048	img__0_1683168568129286000.png
1683168541966	7.566440	1.695451	-0.402077	0.704080	0.004402	0.009080	0.710049	img__0_1683168568202665000.png
1683168542011	7.568803	1.767855	-0.403287	0.701993	0.005542	0.010008	0.712092	img__0_1683168568247069000.png
1683168542056	7.570727	1.840092	-0.404783	0.699780	0.005938	0.011265	0.714244	img__0_1683168568291411000.png
1683168542104	7.572249	1.916945	-0.406275	0.697256	0.007776	0.011990	0.716680	img__0_1683168568339138000.png
1683168542149	7.573107	1.988826	-0.407812	0.694764	0.007993	0.012691	0.719081	img__0_1683168568385901000.png
1683168542203	7.573368	2.074845	-0.409845	0.691639	0.007743	0.013806	0.722070	img__0_1683168568438114000.png
1683168542263	7.572637	2.170048	-0.412531	0.688068	0.006057	0.014604	0.725474	img__0_1683168568500303000.png
1683168542311	7.571301	2.245844	-0.415118	0.685245	0.004917	0.014627	0.728149	img__0_1683168568547935000.png
1683168542362	7.569205	2.325974	-0.418188	0.682249	0.003921	0.014339	0.730969	img__0_1683168568599923000.png
1683168542410	7.566639	2.400987	-0.421303	0.679453	0.002810	0.014041	0.733579	img__0_1683168568645732000.png
1683168542458	7.563542	2.475582	-0.424558	0.676653	0.002523	0.014351	0.736158	img__0_1683168568693994000.png
1683168542506	7.559922	2.549742	-0.427977	0.673836	0.002708	0.014404	0.738736	img__0_1683168568741421000.png
1683168542557	7.555497	2.628060	-0.431634	0.670797	0.003238	0.014842	0.741486	img__0_1683168568793881000.png
1683168542629	7.548206	2.737789	-0.436607	0.666463	0.002787	0.014843	0.745385	img__0_1683168568866943000.png
1683168542677	7.542677	2.810384	-0.439729	0.663571	0.002020	0.014711	0.747966	img__0_1683168568912308000.png
1683168542716	7.537805	2.869019	-0.442477	0.661231	0.001312	0.015006	0.750031	img__0_1683168568952964000.png
1683168542767	7.530927	2.945195	-0.446055	0.658048	0.002140	0.016548	0.752791	img__0_1683168569003257000.png
1683168542818	7.523413	3.020760	-0.449902	0.654776	0.001268	0.017697	0.755615	img__0_1683168569054253000.png
1683168542872	7.514762	3.100028	-0.454156	0.651245	0.000486	0.018629	0.758639	img__0_1683168569109813000.png
1683168542929	7.504856	3.182794	-0.458782	0.647395	0.000019	0.020137	0.761889	img__0_1683168569164410000.png
1683168542980	7.495296	3.255989	-0.462935	0.643802	0.000209	0.021602	0.764887	img__0_1683168569216824000.png
1683168543025	7.486277	3.319857	-0.466538	0.640501	0.001001	0.022659	0.767622	img__0_1683168569261696000.png
1683168543073	7.476001	3.387228	-0.470213	0.636786	0.002531	0.024146	0.770658	img__0_1683168569310935000.png
1683168543121	7.464945	3.453794	-0.474090	0.632812	0.003742	0.025677	0.773871	img__0_1683168569357659000.png
1683168543172	7.452249	3.523612	-0.478444	0.628314	0.003969	0.027424	0.777467	img__0_1683168569408116000.png
1683168543220	7.439354	3.588420	-0.482712	0.623842	0.004625	0.028983	0.780999	img__0_1683168569456592000.png
1683168543268	7.425494	3.652312	-0.486945	0.619182	0.006414	0.029476	0.784668	img__0_1683168569506037000.png
1683168543334	7.404719	3.738706	-0.492876	0.612499	0.009620	0.029154	0.789875	img__0_1683168569569917000.png
1683168543382	7.388287	3.800571	-0.496968	0.607444	0.009407	0.028666	0.793789	img__0_1683168569619651000.png
1683168543433	7.369617	3.865459	-0.500767	0.602037	0.010484	0.027509	0.797925	img__0_1683168569669700000.png
1683168543481	7.350914	3.925772	-0.503947	0.596863	0.009989	0.026969	0.801827	img__0_1683168569716545000.png
1683168543529	7.331129	3.985357	-0.507036	0.591659	0.009524	0.026176	0.805707	img__0_1683168569767324000.png
1683168543577	7.310297	4.044219	-0.510204	0.586457	0.009381	0.024989	0.809541	img__0_1683168569813536000.png
1683168543649	7.277174	4.131208	-0.515171	0.578631	0.009021	0.023880	0.815190	img__0_1683168569886971000.png
1683168543697	7.253919	4.188375	-0.517971	0.573346	0.008797	0.023182	0.818938	img__0_1683168569933523000.png
1683168543745	7.229753	4.244894	-0.520541	0.568055	0.008057	0.021899	0.822660	img__0_1683168569980626000.png
1683168543796	7.203145	4.304260	-0.523136	0.562468	0.007851	0.020055	0.826539	img__0_1683168570031572000.png
1683168543835	7.182202	4.349227	-0.524691	0.558206	0.007657	0.018694	0.829456	img__0_1683168570072860000.png
1683168543883	7.155765	4.404101	-0.526081	0.552977	0.007087	0.017091	0.832991	img__0_1683168570120821000.png
1683168543931	7.128646	4.458492	-0.527115	0.547784	0.007003	0.015915	0.836439	img__0_1683168570169300000.png
1683168544006	7.085005	4.542578	-0.528563	0.539765	0.005661	0.014249	0.841676	img__0_1683168570241615000.png
1683168544048	7.059965	4.589212	-0.529086	0.535307	0.005498	0.013522	0.844532	img__0_1683168570286309000.png
1683168544102	7.027175	4.648715	-0.529791	0.529576	0.005512	0.013021	0.848145	img__0_1683168570338049000.png
1683168544141	7.003086	4.691380	-0.530326	0.525454	0.006102	0.012568	0.850707	img__0_1683168570377119000.png
1683168544192	6.971069	4.746817	-0.530811	0.520082	0.006426	0.012144	0.854006	img__0_1683168570428036000.png
1683168544240	6.940418	4.798654	-0.530313	0.515018	0.006968	0.011899	0.857068	img__0_1683168570477321000.png
1683168544303	6.899405	4.866231	-0.528226	0.508402	0.008148	0.011055	0.861010	img__0_1683168570540208000.png
1683168544351	6.867542	4.917419	-0.525416	0.503375	0.009218	0.010996	0.863949	img__0_1683168570589379000.png
1683168544402	6.833066	4.971555	-0.521291	0.497974	0.010283	0.011392	0.867056	img__0_1683168570640489000.png
1683168544453	6.797878	5.025427	-0.516619	0.492498	0.010625	0.012204	0.870163	img__0_1683168570689904000.png
1683168544504	6.761924	5.079003	-0.512047	0.486865	0.010125	0.014247	0.873302	img__0_1683168570741013000.png
1683168544552	6.727394	5.129082	-0.506905	0.481377	0.008850	0.017026	0.876303	img__0_1683168570787581000.png
1683168544597	6.694405	5.175602	-0.501330	0.476064	0.006972	0.019743	0.879161	img__0_1683168570833181000.png
1683168544645	6.658562	5.224613	-0.494827	0.470237	0.006538	0.023984	0.882190	img__0_1683168570881536000.png
1683168544708	6.610389	5.287680	-0.485954	0.462345	0.006125	0.028933	0.886207	img__0_1683168570946214000.png
1683168544756	6.572792	5.334631	-0.477742	0.456327	0.005764	0.027493	0.889369	img__0_1683168570994505000.png
1683168544807	6.531950	5.383376	-0.469706	0.449978	0.005796	0.025089	0.892668	img__0_1683168571043834000.png
1683168544858	6.490088	5.430849	-0.467220	0.443846	0.006608	0.021587	0.895819	img__0_1683168571093936000.png
1683168544906	6.449819	5.474571	-0.469859	0.438549	0.007041	0.015604	0.898544	img__0_1683168571141745000.png
1683168544951	6.411448	5.515007	-0.474900	0.434164	0.007842	0.010717	0.900736	img__0_1683168571188602000.png
1683168545017	6.354442	5.573886	-0.479649	0.428808	0.004933	0.003945	0.903373	img__0_1683168571254353000.png
1683168545065	6.312589	5.616577	-0.482567	0.425376	0.007793	0.004589	0.904972	img__0_1683168571300920000.png
1683168545113	6.270378	5.659216	-0.484731	0.421835	0.011464	0.004356	0.906590	img__0_1683168571349601000.png
1683168545161	6.227695	5.701872	-0.485076	0.418121	0.013769	0.003095	0.908282	img__0_1683168571398573000.png
1683168545209	6.184425	5.744631	-0.484798	0.414330	0.014919	0.002095	0.910002	img__0_1683168571445034000.png
1683168545257	6.140537	5.787555	-0.483848	0.410497	0.015216	0.001815	0.911733	img__0_1683168571495408000.png
1683168545326	6.076346	5.849580	-0.481682	0.404841	0.015830	0.002233	0.914247	img__0_1683168571561860000.png
1683168545371	6.033746	5.890229	-0.480017	0.401015	0.015763	0.003144	0.915930	img__0_1683168571609202000.png
1683168545419	5.987639	5.933728	-0.478283	0.396904	0.014934	0.002704	0.917735	img__0_1683168571657539000.png
1683168545470	5.937927	5.980090	-0.476610	0.392490	0.014052	0.003268	0.919643	img__0_1683168571707902000.png
1683168545518	5.890490	6.023830	-0.475048	0.388318	0.014169	0.003180	0.921411	img__0_1683168571754995000.png
1683168545566	5.842428	6.067662	-0.473476	0.384118	0.013843	0.003699	0.923173	img__0_1683168571804192000.png
1683168545617	5.790685	6.114309	-0.471708	0.379584	0.013800	0.004882	0.925042	img__0_1683168571855322000.png
1683168545665	5.741333	6.158236	-0.469913	0.375191	0.013645	0.006025	0.926828	img__0_1683168571903102000.png
1683168545740	5.662906	6.226763	-0.467213	0.368028	0.013062	0.008351	0.929685	img__0_1683168571977428000.png
1683168545782	5.618277	6.264995	-0.465761	0.363865	0.012545	0.009353	0.931320	img__0_1683168572020091000.png
1683168545827	5.569890	6.305778	-0.464317	0.359237	0.012601	0.011180	0.933094	img__0_1683168572065530000.png
1683168545875	5.517601	6.349008	-0.463043	0.354123	0.012944	0.012455	0.935026	img__0_1683168572113569000.png
1683168545926	5.461257	6.394569	-0.461772	0.348472	0.013016	0.013952	0.937125	img__0_1683168572162329000.png
1683168545980	5.400695	6.442326	-0.460084	0.342307	0.012532	0.014673	0.939390	img__0_1683168572216822000.png
1683168546022	5.352948	6.479084	-0.458634	0.337362	0.012567	0.016020	0.941155	img__0_1683168572258457000.png
1683168546091	5.273259	6.538620	-0.456599	0.329046	0.010497	0.016049	0.944119	img__0_1683168572328259000.png
1683168546136	5.220519	6.576834	-0.455752	0.323637	0.007614	0.015208	0.946029	img__0_1683168572372441000.png
1683168546190	5.156611	6.622038	-0.455314	0.317316	0.005078	0.013648	0.948208	img__0_1683168572426203000.png
1683168546235	5.102959	6.659186	-0.455295	0.312116	0.003235	0.013392	0.949944	img__0_1683168572471461000.png
1683168546280	5.049030	6.695845	-0.455504	0.306955	0.001813	0.013306	0.951629	img__0_1683168572518120000.png
1683168546331	4.987658	6.736787	-0.455810	0.301138	0.000089	0.013366	0.953487	img__0_1683168572567427000.png
1683168546400	4.904310	6.791104	-0.455570	0.293127	0.000445	0.015613	0.955946	img__0_1683168572636459000.png
1683168546451	4.842447	6.830381	-0.454349	0.287029	0.001245	0.016597	0.957777	img__0_1683168572689643000.png
1683168546502	4.780318	6.868861	-0.452623	0.280789	0.001379	0.017567	0.959608	img__0_1683168572740473000.png
1683168546547	4.725260	6.902105	-0.451113	0.275147	0.001883	0.018550	0.961221	img__0_1683168572785948000.png
1683168546592	4.669950	6.934645	-0.449636	0.269354	0.002639	0.019958	0.962831	img__0_1683168572827987000.png
1683168546640	4.610629	6.968528	-0.448130	0.263002	0.004057	0.021160	0.964555	img__0_1683168572877035000.png
1683168546685	4.554649	6.999477	-0.446967	0.256927	0.004659	0.021641	0.966177	img__0_1683168572923481000.png
1683168546751	4.471858	7.043427	-0.445213	0.247879	0.005665	0.021920	0.968527	img__0_1683168572987716000.png
1683168546799	4.411100	7.074313	-0.443737	0.241267	0.006032	0.021680	0.970198	img__0_1683168573035773000.png
1683168546847	4.349872	7.104308	-0.442083	0.234631	0.006703	0.022063	0.971811	img__0_1683168573085722000.png
1683168546895	4.288148	7.133398	-0.440366	0.227943	0.007040	0.021697	0.973407	img__0_1683168573132274000.png
1683168546943	4.225912	7.161580	-0.438790	0.221264	0.007230	0.021693	0.974946	img__0_1683168573182067000.png
1683168546994	4.159233	7.190548	-0.436984	0.214177	0.007494	0.021439	0.976531	img__0_1683168573230314000.png
1683168547063	4.068096	7.228140	-0.434766	0.204702	0.008279	0.020572	0.978573	img__0_1683168573300390000.png
1683168547108	4.008072	7.251697	-0.433604	0.198631	0.007846	0.019510	0.979849	img__0_1683168573346638000.png
1683168547159	3.939516	7.277530	-0.432419	0.191870	0.007172	0.018695	0.981216	img__0_1683168573395292000.png
1683168547204	3.878590	7.299582	-0.431574	0.185948	0.006856	0.018845	0.982355	img__0_1683168573442601000.png
1683168547255	3.809068	7.323727	-0.430878	0.179286	0.009440	0.019132	0.983566	img__0_1683168573493630000.png
1683168547303	3.743099	7.345648	-0.430166	0.173018	0.011303	0.018921	0.984672	img__0_1683168573539866000.png
1683168547351	3.676514	7.366803	-0.429492	0.166808	0.012242	0.018328	0.985743	img__0_1683168573588759000.png
1683168547420	3.579661	7.395949	-0.428386	0.158202	0.013182	0.016015	0.987189	img__0_1683168573657368000.png
1683168547465	3.515743	7.414225	-0.428030	0.152823	0.013870	0.015082	0.988041	img__0_1683168573701408000.png
1683168547513	3.446883	7.433141	-0.428028	0.147271	0.014226	0.013838	0.988897	img__0_1683168573750562000.png
1683168547561	3.377314	7.451509	-0.428395	0.141961	0.014051	0.012334	0.989696	img__0_1683168573797816000.png
1683168547609	3.307076	7.469404	-0.428459	0.136873	0.014186	0.011926	0.990415	img__0_1683168573847756000.png
1683168547654	3.240635	7.485781	-0.427947	0.132228	0.014236	0.011579	0.991050	img__0_1683168573892574000.png
1683168547723	3.137621	7.510139	-0.427108	0.125421	0.013981	0.010767	0.991947	img__0_1683168573959999000.png
1683168547768	3.069705	7.525557	-0.426755	0.121213	0.014605	0.010014	0.992469	img__0_1683168574006557000.png
1683168547816	2.996590	7.541623	-0.426994	0.116931	0.014595	0.009426	0.992988	img__0_1683168574054212000.png
1683168547864	2.922791	7.557331	-0.427569	0.112830	0.014098	0.008876	0.993475	img__0_1683168574102219000.png
1683168547912	2.848347	7.572701	-0.428252	0.108914	0.013398	0.008122	0.993928	img__0_1683168574150784000.png
1683168547963	2.768590	7.588693	-0.428836	0.104949	0.012151	0.007815	0.994373	img__0_1683168574202113000.png
1683168548014	2.688233	7.604357	-0.428593	0.101117	0.010638	0.007999	0.994785	img__0_1683168574252264000.png
1683168548074	2.593015	7.622337	-0.427844	0.096789	0.009577	0.007408	0.995231	img__0_1683168574312611000.png
1683168548125	2.511549	7.637243	-0.427304	0.093295	0.009451	0.007246	0.995567	img__0_1683168574362439000.png
1683168548173	2.434444	7.650965	-0.427161	0.090145	0.008548	0.006798	0.995869	img__0_1683168574411011000.png
1683168548224	2.352091	7.665233	-0.427325	0.086946	0.009630	0.007033	0.996142	img__0_1683168574461319000.png
1683168548272	2.274155	7.678364	-0.427647	0.084017	0.009547	0.007505	0.996390	img__0_1683168574509319000.png
1683168548320	2.195799	7.691193	-0.427981	0.081193	0.009863	0.007189	0.996624	img__0_1683168574557239000.png
1683168548392	2.077440	7.709841	-0.429103	0.076923	0.009752	0.008781	0.996951	img__0_1683168574628930000.png
1683168548437	2.002969	7.721079	-0.429977	0.074266	0.008878	0.009264	0.997156	img__0_1683168574676288000.png
1683168548482	1.928154	7.731972	-0.430820	0.071603	0.007782	0.009537	0.997357	img__0_1683168574719159000.png
1683168548533	1.843014	7.743891	-0.431539	0.068650	0.005334	0.009008	0.997586	img__0_1683168574770851000.png
1683168548578	1.767675	7.754036	-0.432075	0.066044	0.002784	0.009292	0.997770	img__0_1683168574816569000.png
1683168548626	1.687197	7.764451	-0.432719	0.063230	0.001063	0.010126	0.997947	img__0_1683168574865285000.png
1683168548674	1.606674	7.774407	-0.433248	0.060395	0.000650	0.011034	0.998113	img__0_1683168574912355000.png
1683168548740	1.495919	7.787246	-0.434396	0.056338	-0.000317	0.012705	0.998331	img__0_1683168574977935000.png
1683168548788	1.415385	7.795905	-0.435065	0.053373	-0.002217	0.012359	0.998496	img__0_1683168575025967000.png
1683168548836	1.334956	7.804010	-0.435026	0.050497	-0.005202	0.011454	0.998645	img__0_1683168575074959000.png
1683168548887	1.249762	7.812051	-0.434439	0.047501	-0.007940	0.010627	0.998783	img__0_1683168575124926000.png
1683168548935	1.169970	7.819089	-0.434466	0.044738	-0.009564	0.010104	0.998902	img__0_1683168575174129000.png
1683168548983	1.090654	7.825614	-0.436087	0.042066	-0.010970	0.009892	0.999006	img__0_1683168575222504000.png
1683168549034	1.006948	7.832024	-0.438156	0.039294	-0.011997	0.009972	0.999106	img__0_1683168575273517000.png
1683168549106	0.889864	7.840144	-0.441518	0.035380	-0.012444	0.010540	0.999241	img__0_1683168575343696000.png
1683168549151	0.817365	7.844641	-0.444118	0.032835	-0.014633	0.009778	0.999306	img__0_1683168575390113000.png
1683168549199	0.740678	7.849006	-0.446119	0.030139	-0.018224	0.007640	0.999350	img__0_1683168575438496000.png
1683168549244	0.669487	7.852783	-0.446344	0.027647	-0.020389	0.006762	0.999387	img__0_1683168575481296000.png
1683168549292	0.594470	7.856478	-0.446720	0.024926	-0.021753	0.007126	0.999427	img__0_1683168575530376000.png
1683168549340	0.520551	7.859779	-0.449315	0.022089	-0.022140	0.008350	0.999476	img__0_1683168575578722000.png
1683168549388	0.447863	7.862608	-0.456460	0.019212	-0.022720	0.008283	0.999523	img__0_1683168575626320000.png
1683168549457	0.345169	7.865989	-0.466144	0.015345	-0.021322	0.009986	0.999605	img__0_1683168575693788000.png
1683168549502	0.279188	7.867752	-0.469742	0.012632	-0.019026	0.012398	0.999662	img__0_1683168575739856000.png
1683168549553	0.205260	7.869194	-0.471608	0.008917	-0.014163	0.017110	0.999714	img__0_1683168575790770000.png
1683168549598	0.140642	7.869787	-0.472287	0.004979	-0.010881	0.019993	0.999729	img__0_1683168575836673000.png
1683168549649	0.067952	7.869520	-0.472458	-0.000080	-0.008056	0.022895	0.999705	img__0_1683168575886565000.png
1683168549697	-0.000054	7.868245	-0.472001	-0.005376	-0.005644	0.024486	0.999670	img__0_1683168575934437000.png
1683168549757	-0.084656	7.865120	-0.470914	-0.012556	-0.003411	0.026184	0.999573	img__0_1683168575996314000.png
1683168549808	-0.156320	7.861065	-0.469240	-0.019109	-0.002010	0.027245	0.999444	img__0_1683168576046529000.png
1683168549859	-0.227820	7.855649	-0.467157	-0.026013	-0.000717	0.027912	0.999272	img__0_1683168576097466000.png
1683168549907	-0.295009	7.849262	-0.465104	-0.032838	-0.000227	0.028645	0.999050	img__0_1683168576145652000.png
1683168549955	-0.362117	7.841588	-0.463044	-0.039921	0.000365	0.028906	0.998785	img__0_1683168576193484000.png
1683168550003	-0.429158	7.832622	-0.460798	-0.047230	0.000771	0.029307	0.998454	img__0_1683168576242701000.png
1683168550054	-0.500324	7.821648	-0.458333	-0.055292	0.000952	0.030193	0.998013	img__0_1683168576291100000.png
1683168550117	-0.588141	7.805978	-0.455016	-0.065540	0.001585	0.030584	0.997380	img__0_1683168576355651000.png
1683168550174	-0.667522	7.789766	-0.451754	-0.074998	0.002491	0.030489	0.996714	img__0_1683168576410924000.png
1683168550222	-0.734345	7.774605	-0.448958	-0.083007	0.003051	0.029661	0.996103	img__0_1683168576460437000.png
1683168550261	-0.788632	7.761292	-0.446713	-0.089497	0.002325	0.028021	0.995590	img__0_1683168576499897000.png
1683168550312	-0.859596	7.742638	-0.443507	-0.097815	0.002595	0.025940	0.994863	img__0_1683168576551598000.png
1683168550360	-0.926346	7.723899	-0.439895	-0.105535	0.000422	0.023218	0.994144	img__0_1683168576597864000.png
1683168550408	-0.992983	7.704109	-0.436231	-0.113069	0.000230	0.021982	0.993344	img__0_1683168576646325000.png
1683168550456	-1.059499	7.683338	-0.432497	-0.120338	0.001756	0.020017	0.992530	img__0_1683168576695600000.png
1683168550525	-1.154981	7.651915	-0.427502	-0.130423	0.000295	0.017261	0.991308	img__0_1683168576764288000.png
1683168550573	-1.221271	7.629087	-0.424398	-0.137153	0.000182	0.015780	0.990424	img__0_1683168576811148000.png
1683168550627	-1.295706	7.602584	-0.420368	-0.144412	0.002017	0.014877	0.989404	img__0_1683168576863948000.png
1683168550672	-1.357692	7.579855	-0.416821	-0.150234	0.004241	0.014456	0.988536	img__0_1683168576909563000.png
1683168550720	-1.423868	7.554952	-0.413559	-0.156181	0.006048	0.013316	0.987620	img__0_1683168576957124000.png
1683168550771	-1.494335	7.527787	-0.410615	-0.162201	0.007144	0.012485	0.986653	img__0_1683168577008196000.png
1683168550819	-1.560853	7.501604	-0.407661	-0.167610	0.008077	0.012205	0.985745	img__0_1683168577056477000.png
1683168550882	-1.648512	7.466346	-0.403514	-0.174394	0.008846	0.012352	0.984559	img__0_1683168577120803000.png
1683168550927	-1.711404	7.440521	-0.400687	-0.179054	0.009239	0.012672	0.983714	img__0_1683168577165535000.png
1683168550975	-1.778757	7.412365	-0.397816	-0.183874	0.009576	0.012959	0.982818	img__0_1683168577214350000.png
1683168551023	-1.846396	7.383571	-0.394862	-0.188519	0.010595	0.013211	0.981923	img__0_1683168577262481000.png
1683168551074	-1.918614	7.352247	-0.392010	-0.193266	0.010382	0.012729	0.981009	img__0_1683168577311684000.png
1683168551125	-1.991195	7.320192	-0.389298	-0.197787	0.010238	0.012056	0.980117	img__0_1683168577362874000.png
1683168551197	-2.094239	7.273771	-0.384328	-0.203972	0.010101	0.013067	0.978837	img__0_1683168577436503000.png
1683168551245	-2.163298	7.242018	-0.380637	-0.208016	0.010281	0.013664	0.977976	img__0_1683168577482153000.png
1683168551293	-2.232651	7.209574	-0.377142	-0.211965	0.010836	0.014131	0.977115	img__0_1683168577531665000.png
1683168551344	-2.306682	7.174323	-0.373326	-0.216054	0.012497	0.014938	0.976187	img__0_1683168577583758000.png
1683168551383	-2.363565	7.146798	-0.370102	-0.219099	0.013105	0.014806	0.975502	img__0_1683168577620555000.png
1683168551434	-2.438334	7.110050	-0.365724	-0.222966	0.012716	0.014453	0.974636	img__0_1683168577671247000.png
1683168551485	-2.513532	7.072458	-0.361165	-0.226700	0.013286	0.014863	0.973761	img__0_1683168577724126000.png
1683168551545	-2.602577	7.027104	-0.356104	-0.230926	0.013438	0.014716	0.972767	img__0_1683168577784819000.png
1683168551599	-2.683255	6.985250	-0.351741	-0.234574	0.013181	0.014189	0.971905	img__0_1683168577836270000.png
1683168551647	-2.755388	6.947245	-0.348136	-0.237739	0.012568	0.014352	0.971142	img__0_1683168577884972000.png
1683168551692	-2.823347	6.910934	-0.344943	-0.240676	0.012068	0.014612	0.970421	img__0_1683168577931042000.png
1683168551746	-2.905290	6.866474	-0.341639	-0.244168	0.010941	0.014696	0.969560	img__0_1683168577984813000.png
1683168551794	-2.978442	6.826135	-0.339458	-0.247215	0.009941	0.014610	0.968799	img__0_1683168578032859000.png
1683168551842	-3.051833	6.785058	-0.337595	-0.250207	0.009265	0.014973	0.968032	img__0_1683168578081074000.png
1683168551893	-3.130028	6.740602	-0.335710	-0.253385	0.008514	0.015772	0.967199	img__0_1683168578130271000.png
1683168551941	-3.203783	6.697989	-0.333675	-0.256390	0.007476	0.015476	0.966420	img__0_1683168578178291000.png
1683168552004	-3.300737	6.640943	-0.330723	-0.260285	0.005426	0.015098	0.965398	img__0_1683168578241466000.png
1683168552055	-3.379261	6.593880	-0.328410	-0.263405	0.003838	0.013945	0.964577	img__0_1683168578292611000.png
1683168552100	-3.448509	6.551752	-0.326637	-0.266124	0.000807	0.012228	0.963861	img__0_1683168578339106000.png
1683168552151	-3.526832	6.503444	-0.324761	-0.269182	-0.002304	0.011272	0.963021	img__0_1683168578389685000.png
1683168552199	-3.600270	6.457519	-0.322944	-0.272115	-0.005288	0.011199	0.962185	img__0_1683168578437383000.png
1683168552247	-3.673305	6.411189	-0.321395	-0.275133	-0.007950	0.011612	0.961303	img__0_1683168578486328000.png
1683168552319	-3.781836	6.340993	-0.319178	-0.279912	-0.012545	0.011545	0.959874	img__0_1683168578557012000.png
1683168552367	-3.853337	6.293797	-0.316912	-0.283202	-0.014644	0.010775	0.958888	img__0_1683168578604452000.png
1683168552406	-3.910857	6.255264	-0.314635	-0.285872	-0.015664	0.010136	0.958086	img__0_1683168578645443000.png
1683168552457	-3.985243	6.204667	-0.311292	-0.289364	-0.016532	0.009768	0.957027	img__0_1683168578696619000.png
1683168552505	-4.054350	6.156855	-0.308034	-0.292651	-0.017065	0.009756	0.956017	img__0_1683168578744421000.png
1683168552568	-4.143627	6.093843	-0.304806	-0.296995	-0.018916	0.008843	0.954651	img__0_1683168578805979000.png
1683168552604	-4.193870	6.057744	-0.303635	-0.299463	-0.020948	0.007412	0.953849	img__0_1683168578841730000.png
1683168552664	-4.276271	5.997562	-0.302730	-0.303422	-0.020838	0.007005	0.952603	img__0_1683168578903808000.png
1683168552715	-4.345047	5.946415	-0.302076	-0.306764	-0.019610	0.007200	0.951556	img__0_1683168578954125000.png
1683168552763	-4.408763	5.898262	-0.301458	-0.309938	-0.019240	0.006363	0.950541	img__0_1683168579003229000.png
1683168552811	-4.471568	5.850126	-0.299873	-0.313109	-0.019790	0.005567	0.949495	img__0_1683168579050750000.png
1683168552859	-4.533453	5.802055	-0.297307	-0.316352	-0.020940	0.004141	0.948402	img__0_1683168579098939000.png
1683168552910	-4.598125	5.751132	-0.294539	-0.319850	-0.022432	0.003000	0.947198	img__0_1683168579149996000.png
1683168552973	-4.676390	5.688566	-0.291350	-0.324157	-0.023911	0.002926	0.945697	img__0_1683168579213009000.png
1683168553024	-4.738420	5.638223	-0.287963	-0.327611	-0.023029	0.002618	0.944528	img__0_1683168579261619000.png
1683168553072	-4.795536	5.591098	-0.288125	-0.331063	-0.023312	0.009700	0.943271	img__0_1683168579312112000.png
1683168553120	-4.851436	5.543986	-0.289976	-0.334894	-0.020056	0.011665	0.941970	img__0_1683168579359287000.png
1683168553168	-4.906312	5.496730	-0.290952	-0.338585	-0.017073	0.010471	0.940723	img__0_1683168579408172000.png
1683168553216	-4.960144	5.449241	-0.294631	-0.342200	-0.013836	0.017351	0.939365	img__0_1683168579453697000.png
1683168553267	-5.016352	5.398265	-0.300258	-0.346402	-0.004770	0.019058	0.937881	img__0_1683168579506951000.png
1683168553339	-5.094725	5.324893	-0.307562	-0.352995	0.004599	0.023565	0.935317	img__0_1683168579576926000.png
1683168553387	-5.146658	5.274766	-0.311584	-0.357713	0.008192	0.024567	0.933472	img__0_1683168579624683000.png
1683168553432	-5.195264	5.226763	-0.314914	-0.362381	0.010779	0.025669	0.931614	img__0_1683168579670632000.png
1683168553477	-5.243869	5.177711	-0.317659	-0.367233	0.011988	0.025857	0.929692	img__0_1683168579716776000.png
1683168553525	-5.295753	5.124213	-0.319778	-0.372582	0.012251	0.025894	0.927557	img__0_1683168579764863000.png
1683168553573	-5.347686	5.069473	-0.321563	-0.377978	0.012418	0.025034	0.925393	img__0_1683168579812939000.png
1683168553624	-5.402943	5.009915	-0.323805	-0.383814	0.014271	0.027139	0.922901	img__0_1683168579863758000.png
1683168553675	-5.458310	4.948761	-0.326954	-0.389857	0.016580	0.030107	0.920234	img__0_1683168579913038000.png
1683168553738	-5.526916	4.870796	-0.331578	-0.397549	0.018223	0.033237	0.916798	img__0_1683168579977140000.png
1683168553786	-5.579350	4.809462	-0.335407	-0.403663	0.017168	0.032343	0.914175	img__0_1683168580025090000.png
1683168553834	-5.631870	4.746510	-0.338944	-0.409644	0.018599	0.032655	0.911471	img__0_1683168580073650000.png
1683168553882	-5.684520	4.681830	-0.343547	-0.415580	0.018164	0.032098	0.908809	img__0_1683168580121644000.png
1683168553930	-5.737295	4.615543	-0.347725	-0.421383	0.018548	0.030830	0.906169	img__0_1683168580170084000.png
1683168553984	-5.796821	4.539060	-0.352778	-0.427706	0.017595	0.029848	0.903254	img__0_1683168580221710000.png
1683168554044	-5.863130	4.451853	-0.357754	-0.434632	0.016226	0.030116	0.899958	img__0_1683168580282075000.png
1683168554092	-5.916212	4.380469	-0.360757	-0.440268	0.012493	0.030850	0.897249	img__0_1683168580332175000.png
1683168554140	-5.969184	4.307685	-0.362847	-0.445782	0.011039	0.029818	0.894577	img__0_1683168580380514000.png
1683168554188	-6.021969	4.233492	-0.365128	-0.451182	0.009750	0.029973	0.891875	img__0_1683168580428622000.png
1683168554239	-6.077778	4.153138	-0.368111	-0.456782	0.008532	0.029238	0.889057	img__0_1683168580478156000.png
1683168554287	-6.130002	4.076108	-0.371639	-0.461835	0.008899	0.028955	0.886448	img__0_1683168580525433000.png
1683168554338	-6.185157	3.992799	-0.376245	-0.467196	0.006274	0.027720	0.883697	img__0_1683168580576262000.png
1683168554413	-6.265512	3.867903	-0.382561	-0.474902	0.002918	0.024181	0.879702	img__0_1683168580652172000.png
1683168554458	-6.313214	3.791762	-0.386770	-0.479268	0.002339	0.022293	0.877382	img__0_1683168580696037000.png
1683168554506	-6.363689	3.709691	-0.391091	-0.483740	0.000815	0.019663	0.874991	img__0_1683168580745673000.png
1683168554548	-6.407510	3.637278	-0.394430	-0.487465	-0.001890	0.016537	0.872984	img__0_1683168580786548000.png
1683168554602	-6.463315	3.543545	-0.398753	-0.491989	-0.004845	0.013862	0.870478	img__0_1683168580842724000.png
1683168554641	-6.503214	3.475533	-0.401460	-0.495041	-0.006486	0.011897	0.868764	img__0_1683168580881155000.png
1683168554692	-6.554838	3.386328	-0.405245	-0.498743	-0.008229	0.009124	0.866663	img__0_1683168580930754000.png
1683168554758	-6.620687	3.270677	-0.411103	-0.503103	-0.008662	0.007777	0.864148	img__0_1683168580996808000.png
1683168554809	-6.670846	3.181235	-0.416344	-0.506263	-0.008389	0.007209	0.862308	img__0_1683168581047113000.png
1683168554863	-6.723316	3.086493	-0.421545	-0.509391	-0.009583	0.005592	0.860464	img__0_1683168581102907000.png
1683168554908	-6.766527	3.007586	-0.425840	-0.511818	-0.009810	0.005161	0.859022	img__0_1683168581148691000.png
1683168554953	-6.809270	2.928749	-0.430500	-0.514043	-0.009284	0.004041	0.857704	img__0_1683168581191358000.png
1683168555001	-6.854388	2.844763	-0.436178	-0.516316	-0.008794	0.003095	0.856348	img__0_1683168581241877000.png
1683168555064	-6.912926	2.734742	-0.442867	-0.518737	-0.008764	0.002488	0.854885	img__0_1683168581304816000.png
1683168555118	-6.962524	2.640651	-0.448534	-0.520687	-0.007865	0.002274	0.853709	img__0_1683168581358664000.png
1683168555169	-7.008920	2.551963	-0.453775	-0.522336	-0.007261	0.001551	0.852707	img__0_1683168581409120000.png
1683168555211	-7.046835	2.479062	-0.458031	-0.523532	-0.006676	0.000929	0.851979	img__0_1683168581451698000.png
1683168555268	-7.097906	2.380345	-0.464430	-0.524959	-0.006843	0.000335	0.851100	img__0_1683168581506388000.png
1683168555310	-7.135263	2.307785	-0.469371	-0.525901	-0.006744	0.000710	0.850518	img__0_1683168581548027000.png
1683168555358	-7.177677	2.225021	-0.475138	-0.526877	-0.004870	0.002550	0.849924	img__0_1683168581597119000.png
1683168555421	-7.232917	2.116493	-0.483135	-0.528098	-0.004120	0.004444	0.849162	img__0_1683168581661967000.png
1683168555472	-7.277264	2.028620	-0.490317	-0.529093	-0.003711	0.005186	0.848540	img__0_1683168581710161000.png
1683168555520	-7.318698	1.945856	-0.497219	-0.530019	-0.003791	0.005415	0.847960	img__0_1683168581758269000.png
1683168555568	-7.359839	1.863028	-0.503829	-0.530893	-0.003947	0.005026	0.847415	img__0_1683168581806626000.png
1683168555616	-7.400681	1.780151	-0.510495	-0.531682	-0.004118	0.004155	0.846924	img__0_1683168581856768000.png
1683168555664	-7.441241	1.697260	-0.517057	-0.532377	-0.004495	0.003216	0.846490	img__0_1683168581902943000.png
1683168555715	-7.484036	1.609225	-0.524034	-0.533044	-0.005299	0.002004	0.846069	img__0_1683168581954112000.png
1683168555778	-7.536472	1.500634	-0.533020	-0.533786	-0.006171	-0.000011	0.845597	img__0_1683168582016828000.png
1683168555826	-7.576106	1.418111	-0.541055	-0.534279	-0.005946	-0.000598	0.845287	img__0_1683168582065955000.png
1683168555877	-7.617942	1.330683	-0.550542	-0.534780	-0.007471	-0.001944	0.844956	img__0_1683168582115387000.png
1683168555925	-7.657051	1.248704	-0.559833	-0.535207	-0.008691	-0.003330	0.844670	img__0_1683168582163543000.png
1683168555973	-7.695886	1.167112	-0.569345	-0.535542	-0.009903	-0.005299	0.844434	img__0_1683168582211965000.png
1683168556021	-7.734441	1.086011	-0.579294	-0.535815	-0.011660	-0.006837	0.844228	img__0_1683168582259433000.png
1683168556069	-7.772688	1.005503	-0.589849	-0.536097	-0.013399	-0.007135	0.844020	img__0_1683168582307888000.png
1683168556144	-7.831738	0.881013	-0.606125	-0.536574	-0.015915	-0.009029	0.843655	img__0_1683168582383455000.png
1683168556186	-7.864380	0.812095	-0.615083	-0.536718	-0.017342	-0.011012	0.843511	img__0_1683168582426725000.png
1683168556234	-7.901299	0.734162	-0.625237	-0.536781	-0.020971	-0.012307	0.843371	img__0_1683168582473990000.png
1683168556279	-7.935425	0.662037	-0.635191	-0.537121	-0.026068	-0.011254	0.843027	img__0_1683168582518740000.png
1683168556330	-7.973277	0.581521	-0.647506	-0.537928	-0.031010	-0.011413	0.842343	img__0_1683168582568244000.png
1683168556375	-8.005803	0.511657	-0.658998	-0.538941	-0.034059	-0.012900	0.841556	img__0_1683168582614365000.png
1683168556444	-8.054155	0.406656	-0.673460	-0.540615	-0.036261	-0.011536	0.840409	img__0_1683168582684123000.png
1683168556489	-8.084534	0.339669	-0.682359	-0.542162	-0.042677	-0.005622	0.839171	img__0_1683168582727648000.png
1683168556540	-8.117026	0.265407	-0.697284	-0.545328	-0.055089	0.004215	0.836400	img__0_1683168582779391000.png
1683168556591	-8.146714	0.192788	-0.716834	-0.550532	-0.055037	0.013268	0.832892	img__0_1683168582831562000.png
1683168556639	-8.172850	0.125146	-0.728575	-0.556430	-0.052036	0.022683	0.828953	img__0_1683168582877596000.png
1683168556687	-8.196805	0.057953	-0.737281	-0.563330	-0.046607	0.027017	0.824474	img__0_1683168582926402000.png
1683168556735	-8.218649	-0.009041	-0.742689	-0.570570	-0.043584	0.031601	0.819483	img__0_1683168582976064000.png
1683168556783	-8.238365	-0.076027	-0.745219	-0.578332	-0.040598	0.034597	0.814056	img__0_1683168583023009000.png
1683168556849	-8.262064	-0.168391	-0.743734	-0.589649	-0.037158	0.038087	0.805905	img__0_1683168583088903000.png
1683168556900	-8.277657	-0.240154	-0.738957	-0.599375	-0.036366	0.042258	0.798525	img__0_1683168583138418000.png
1683168556945	-8.289065	-0.303912	-0.734385	-0.609486	-0.048933	0.046734	0.789904	img__0_1683168583186311000.png
1683168556993	-8.298093	-0.372256	-0.731223	-0.622065	-0.060330	0.049189	0.779087	img__0_1683168583233086000.png
1683168557044	-8.303493	-0.444915	-0.730286	-0.637191	-0.062705	0.047451	0.766684	img__0_1683168583283564000.png
1683168557092	-8.305242	-0.513151	-0.727300	-0.650850	-0.050611	0.044028	0.756237	img__0_1683168583331251000.png
1683168557158	-8.303236	-0.606994	-0.718787	-0.668335	-0.042744	0.046236	0.741190	img__0_1683168583396622000.png
1683168557206	-8.298473	-0.675475	-0.711635	-0.680677	-0.040135	0.047219	0.729958	img__0_1683168583446166000.png
1683168557254	-8.290987	-0.744239	-0.703962	-0.692843	-0.037462	0.046699	0.718599	img__0_1683168583493727000.png
1683168557305	-8.280071	-0.817644	-0.695736	-0.705265	-0.033423	0.045947	0.706664	img__0_1683168583544803000.png
1683168557350	-8.268044	-0.882751	-0.688434	-0.715722	-0.028437	0.042863	0.696489	img__0_1683168583589760000.png
1683168557398	-8.252923	-0.952598	-0.681165	-0.726131	-0.023120	0.037394	0.686150	img__0_1683168583637043000.png
1683168557461	-8.230009	-1.044857	-0.673055	-0.738324	-0.016181	0.030515	0.673561	img__0_1683168583701606000.png
1683168557515	-8.208173	-1.124434	-0.666834	-0.747542	-0.011933	0.027619	0.663533	img__0_1683168583754132000.png
1683168557560	-8.188695	-1.191115	-0.661854	-0.754626	-0.010757	0.024647	0.655604	img__0_1683168583799965000.png
1683168557608	-8.166782	-1.262567	-0.656887	-0.761657	-0.009969	0.020936	0.647565	img__0_1683168583847968000.png
1683168557656	-8.143834	-1.334271	-0.652035	-0.768177	-0.009687	0.019735	0.639860	img__0_1683168583897452000.png
1683168557704	-8.119926	-1.406179	-0.647421	-0.774264	-0.008184	0.018479	0.632540	img__0_1683168583943642000.png
1683168557755	-8.093540	-1.482795	-0.643195	-0.780332	-0.008633	0.013988	0.625150	img__0_1683168583994479000.png
1683168557803	-8.067911	-1.554992	-0.639380	-0.785648	-0.009667	0.014154	0.618436	img__0_1683168584042845000.png
1683168557875	-8.028084	-1.663307	-0.633529	-0.793140	-0.009248	0.012172	0.608848	img__0_1683168584115818000.png
1683168557929	-7.997196	-1.744504	-0.629008	-0.798347	-0.008884	0.012118	0.602010	img__0_1683168584168320000.png
1683168557977	-7.969030	-1.816650	-0.624981	-0.802738	-0.008126	0.011664	0.596163	img__0_1683168584216498000.png
1683168558025	-7.940249	-1.888775	-0.620447	-0.806878	-0.007196	0.009874	0.590592	img__0_1683168584265221000.png
1683168558073	-7.910933	-1.960865	-0.615648	-0.810760	-0.006380	0.008134	0.585287	img__0_1683168584313503000.png
1683168558118	-7.883027	-2.028399	-0.611445	-0.814159	-0.005777	0.006298	0.580579	img__0_1683168584357125000.png
1683168558166	-7.852889	-2.100358	-0.607133	-0.817567	-0.005451	0.005932	0.575777	img__0_1683168584407341000.png
1683168558214	-7.822391	-2.172224	-0.603382	-0.820809	-0.006110	0.004560	0.571152	img__0_1683168584453255000.png
1683168558277	-7.781902	-2.266332	-0.598508	-0.824746	-0.005531	0.003231	0.565468	img__0_1683168584517281000.png
1683168558328	-7.748819	-2.342319	-0.593873	-0.827722	-0.005695	0.003837	0.561097	img__0_1683168584566815000.png
1683168558373	-7.719384	-2.409226	-0.589491	-0.830226	-0.005030	0.003470	0.557394	img__0_1683168584613454000.png
1683168558430	-7.681783	-2.493797	-0.584095	-0.833183	-0.005093	0.002768	0.552967	img__0_1683168584671638000.png
1683168558475	-7.651878	-2.560411	-0.579832	-0.835388	-0.005203	0.003122	0.549627	img__0_1683168584713702000.png
1683168558520	-7.621772	-2.626886	-0.575802	-0.837509	-0.005486	0.004012	0.546381	img__0_1683168584758896000.png
1683168558571	-7.587365	-2.702074	-0.571134	-0.839833	-0.005512	0.005242	0.542791	img__0_1683168584812242000.png
1683168558631	-7.546426	-2.790360	-0.565587	-0.842445	-0.004863	0.007185	0.538713	img__0_1683168584872309000.png
1683168558685	-7.509098	-2.869744	-0.560369	-0.844654	-0.003646	0.007987	0.535240	img__0_1683168584923984000.png
1683168558730	-7.477619	-2.935908	-0.556083	-0.846386	-0.003109	0.009684	0.532473	img__0_1683168584971762000.png
1683168558781	-7.441493	-3.010973	-0.551213	-0.848271	-0.002819	0.011053	0.529439	img__0_1683168585022422000.png
1683168558832	-7.404845	-3.086166	-0.546472	-0.850089	-0.002596	0.009510	0.526546	img__0_1683168585073177000.png
1683168558880	-7.369913	-3.157041	-0.541914	-0.851694	-0.002234	0.010418	0.523931	img__0_1683168585119054000.png
1683168558931	-7.332330	-3.232471	-0.536649	-0.853348	-0.002604	0.011712	0.521204	img__0_1683168585169873000.png
1683168558979	-7.296460	-3.303605	-0.531835	-0.854877	-0.002773	0.011476	0.518696	img__0_1683168585220811000.png
1683168559027	-7.260092	-3.374870	-0.527388	-0.856357	-0.002884	0.011085	0.516257	img__0_1683168585268428000.png
1683168559099	-7.204647	-3.481953	-0.520692	-0.858531	-0.004223	0.009609	0.512655	img__0_1683168585340066000.png
1683168559153	-7.162400	-3.562312	-0.515281	-0.860124	-0.005178	0.008390	0.509989	img__0_1683168585391925000.png
1683168559198	-7.126779	-3.629240	-0.510842	-0.861432	-0.005774	0.007941	0.507777	img__0_1683168585438558000.png
1683168559243	-7.090785	-3.696101	-0.506445	-0.862729	-0.006199	0.007853	0.505567	img__0_1683168585482518000.png
1683168559297	-7.047096	-3.776220	-0.501175	-0.864278	-0.006721	0.007962	0.502907	img__0_1683168585537254000.png
1683168559339	-7.012726	-3.838432	-0.497240	-0.865511	-0.007839	0.007915	0.500765	img__0_1683168585580510000.png
1683168559387	-6.973006	-3.909379	-0.492736	-0.866952	-0.008547	0.008315	0.498248	img__0_1683168585628830000.png
1683168559459	-6.912474	-4.015430	-0.486712	-0.869196	-0.010175	0.008140	0.494296	img__0_1683168585700791000.png
1683168559507	-6.871461	-4.085823	-0.482914	-0.870737	-0.011085	0.007392	0.491568	img__0_1683168585746450000.png
1683168559552	-6.832539	-4.151534	-0.479549	-0.872196	-0.011974	0.006195	0.488970	img__0_1683168585792407000.png
1683168559606	-6.785275	-4.229965	-0.475128	-0.873966	-0.013084	0.005345	0.485782	img__0_1683168585846922000.png
1683168559651	-6.745432	-4.294912	-0.471173	-0.875486	-0.014151	0.004572	0.483015	img__0_1683168585892966000.png
1683168559699	-6.702479	-4.363707	-0.466972	-0.877148	-0.015383	0.003449	0.479961	img__0_1683168585939404000.png
1683168559747	-6.659086	-4.431941	-0.462417	-0.878852	-0.016756	0.001725	0.476796	img__0_1683168585987267000.png
1683168559792	-6.618026	-4.495299	-0.458567	-0.880471	-0.017840	0.000178	0.473764	img__0_1683168586032345000.png
1683168559864	-6.551655	-4.595279	-0.453264	-0.883077	-0.018883	-0.001644	0.468845	img__0_1683168586104195000.png
1683168559903	-6.515384	-4.648641	-0.451413	-0.884484	-0.018924	-0.001804	0.466183	img__0_1683168586144773000.png
1683168559954	-6.467641	-4.717566	-0.449745	-0.886333	-0.019003	-0.002096	0.462653	img__0_1683168586195992000.png
1683168560002	-6.422396	-4.781562	-0.448680	-0.888061	-0.018038	-0.001209	0.459371	img__0_1683168586243236000.png
1683168560053	-6.374009	-4.848716	-0.446584	-0.889935	-0.018529	-0.002249	0.455706	img__0_1683168586293943000.png
1683168560101	-6.328217	-4.911134	-0.442789	-0.891762	-0.018699	-0.004021	0.452101	img__0_1683168586342547000.png
1683168560167	-6.264982	-4.995660	-0.434278	-0.894320	-0.019476	-0.007047	0.446948	img__0_1683168586409051000.png
1683168560215	-6.218892	-5.056077	-0.426520	-0.896285	-0.019781	-0.009991	0.442924	img__0_1683168586455440000.png
1683168560266	-6.169940	-5.119102	-0.419136	-0.898382	-0.021203	-0.012163	0.438534	img__0_1683168586505989000.png
1683168560314	-6.123965	-5.177228	-0.413021	-0.900393	-0.022155	-0.012283	0.434339	img__0_1683168586553244000.png
1683168560359	-6.080949	-5.230634	-0.407775	-0.902279	-0.023209	-0.010510	0.430399	img__0_1683168586599425000.png
1683168560413	-6.029328	-5.293280	-0.403266	-0.904552	-0.019853	-0.009151	0.425803	img__0_1683168586652163000.png
1683168560458	-5.986291	-5.344197	-0.405371	-0.906238	-0.017784	-0.007290	0.422330	img__0_1683168586699597000.png
1683168560521	-5.926020	-5.414141	-0.409435	-0.908244	-0.009618	-0.005987	0.418288	img__0_1683168586762408000.png
1683168560572	-5.877292	-5.470005	-0.412980	-0.909326	-0.004249	-0.004436	0.416039	img__0_1683168586812860000.png
1683168560620	-5.831522	-5.522247	-0.416099	-0.910269	-0.006146	0.001269	0.413969	img__0_1683168586859344000.png
1683168560668	-5.785646	-5.574267	-0.417212	-0.911384	-0.006923	0.007156	0.411438	img__0_1683168586909647000.png
1683168560722	-5.733605	-5.632591	-0.417164	-0.912826	-0.007378	0.012004	0.408106	img__0_1683168586963088000.png
1683168560767	-5.689685	-5.681088	-0.416812	-0.914157	-0.007370	0.014355	0.405040	img__0_1683168587006999000.png
1683168560815	-5.642166	-5.732752	-0.416029	-0.915659	-0.007972	0.017331	0.401503	img__0_1683168587056574000.png
1683168560863	-5.593841	-5.784375	-0.414773	-0.917267	-0.008020	0.018826	0.397746	img__0_1683168587104532000.png
1683168560938	-5.516500	-5.864976	-0.412358	-0.919973	-0.010649	0.021051	0.391272	img__0_1683168587178973000.png
1683168560986	-5.465704	-5.916451	-0.410535	-0.921868	-0.012117	0.020246	0.386786	img__0_1683168587228018000.png
1683168561037	-5.410621	-5.970958	-0.408295	-0.923942	-0.012584	0.019235	0.381841	img__0_1683168587276259000.png
1683168561076	-5.367731	-6.012476	-0.406650	-0.925533	-0.012358	0.018513	0.378013	img__0_1683168587316768000.png
1683168561124	-5.314070	-6.063370	-0.404626	-0.927488	-0.012602	0.018033	0.373204	img__0_1683168587365895000.png
1683168561172	-5.259450	-6.114010	-0.402935	-0.929452	-0.012571	0.016995	0.368337	img__0_1683168587414006000.png
1683168561238	-5.182880	-6.183189	-0.400372	-0.932157	-0.013278	0.015575	0.361475	img__0_1683168587477993000.png
1683168561286	-5.126180	-6.233118	-0.398263	-0.934104	-0.014724	0.014930	0.356384	img__0_1683168587526278000.png
1683168561337	-5.065030	-6.285735	-0.395946	-0.936210	-0.014585	0.013745	0.350869	img__0_1683168587577059000.png
1683168561385	-5.006642	-6.334809	-0.394101	-0.938152	-0.015893	0.013189	0.345607	img__0_1683168587624558000.png
1683168561436	-4.943753	-6.386420	-0.392249	-0.940239	-0.016381	0.013216	0.339865	img__0_1683168587676688000.png
1683168561487	-4.879977	-6.437442	-0.390403	-0.942310	-0.016767	0.013258	0.334058	img__0_1683168587728490000.png
1683168561538	-4.815308	-6.487855	-0.388661	-0.944377	-0.017048	0.012783	0.328173	img__0_1683168587779750000.png
1683168561580	-4.761396	-6.528894	-0.387329	-0.946070	-0.017019	0.011464	0.323311	img__0_1683168587820721000.png
1683168561646	-4.675590	-6.592481	-0.385139	-0.948658	-0.016982	0.010095	0.315685	img__0_1683168587887695000.png
1683168561697	-4.608440	-6.640836	-0.383451	-0.950614	-0.017002	0.008667	0.309789	img__0_1683168587937628000.png
1683168561745	-4.544627	-6.685688	-0.382217	-0.952411	-0.016392	0.007268	0.304288	img__0_1683168587987192000.png
1683168561796	-4.476252	-6.732637	-0.381405	-0.954241	-0.016534	0.006197	0.298516	img__0_1683168588036750000.png
1683168561844	-4.411435	-6.776172	-0.380172	-0.955918	-0.015618	0.005843	0.293160	img__0_1683168588084401000.png
1683168561892	-4.346201	-6.819098	-0.378270	-0.957520	-0.015549	0.005669	0.287892	img__0_1683168588131863000.png
1683168561940	-4.280556	-6.861408	-0.376295	-0.959090	-0.015142	0.004844	0.282655	img__0_1683168588179659000.png
1683168561988	-4.214529	-6.903098	-0.374481	-0.960593	-0.015367	0.005491	0.277479	img__0_1683168588227902000.png
1683168562036	-4.148114	-6.944168	-0.372660	-0.962067	-0.016142	0.005656	0.272278	img__0_1683168588277105000.png
1683168562102	-4.056118	-6.999583	-0.370115	-0.964063	-0.015918	0.006675	0.265113	img__0_1683168588343066000.png
1683168562150	-3.988702	-7.039128	-0.367823	-0.965469	-0.016053	0.007046	0.259927	img__0_1683168588391223000.png
1683168562201	-3.916569	-7.080449	-0.365321	-0.966929	-0.015830	0.007149	0.254452	img__0_1683168588441284000.png
1683168562249	-3.848191	-7.118680	-0.363287	-0.968246	-0.015869	0.008272	0.249357	img__0_1683168588490325000.png
1683168562294	-3.783625	-7.153951	-0.361774	-0.969455	-0.014918	0.008548	0.244666	img__0_1683168588535166000.png
1683168562345	-3.709908	-7.193298	-0.360467	-0.970766	-0.013748	0.007931	0.239502	img__0_1683168588586656000.png
1683168562417	-3.604947	-7.247792	-0.358564	-0.972502	-0.014221	0.007165	0.232350	img__0_1683168588659225000.png
1683168562465	-3.534433	-7.283416	-0.357186	-0.973613	-0.014263	0.007319	0.227642	img__0_1683168588705433000.png
1683168562507	-3.472378	-7.314122	-0.355913	-0.974555	-0.014179	0.007631	0.223570	img__0_1683168588747882000.png
1683168562555	-3.401042	-7.348679	-0.354623	-0.975598	-0.014035	0.007604	0.218984	img__0_1683168588797596000.png
1683168562603	-3.329261	-7.382667	-0.353722	-0.976598	-0.013117	0.007522	0.214540	img__0_1683168588844794000.png
1683168562651	-3.257050	-7.416120	-0.353124	-0.977544	-0.012792	0.007124	0.210223	img__0_1683168588892167000.png
1683168562702	-3.179889	-7.451098	-0.352518	-0.978506	-0.012872	0.006207	0.205722	img__0_1683168588943885000.png
1683168562774	-3.070268	-7.499446	-0.351783	-0.979810	-0.013874	0.005121	0.199386	img__0_1683168589016563000.png
1683168562822	-2.996787	-7.530957	-0.351292	-0.980654	-0.014456	0.004951	0.195150	img__0_1683168589062127000.png
1683168562870	-2.922988	-7.561846	-0.351088	-0.981479	-0.014971	0.005506	0.190904	img__0_1683168589112166000.png
1683168562912	-2.858134	-7.588346	-0.351322	-0.982190	-0.015284	0.005771	0.187181	img__0_1683168589154325000.png
1683168562972	-2.765026	-7.625335	-0.352057	-0.983183	-0.015358	0.005404	0.181896	img__0_1683168589212472000.png
1683168563011	-2.704229	-7.648829	-0.352658	-0.983806	-0.015632	0.005627	0.178467	img__0_1683168589251332000.png
1683168563083	-2.591441	-7.691065	-0.352996	-0.984936	-0.016041	0.004400	0.172118	img__0_1683168589323677000.png
1683168563131	-2.515892	-7.718361	-0.353050	-0.985659	-0.016587	0.004477	0.167872	img__0_1683168589371673000.png
1683168563179	-2.440050	-7.744927	-0.353436	-0.986363	-0.017257	0.004835	0.163605	img__0_1683168589420693000.png
1683168563224	-2.368671	-7.769150	-0.354044	-0.987016	-0.018118	0.004723	0.159527	img__0_1683168589464820000.png
1683168563281	-2.277873	-7.798826	-0.355095	-0.987837	-0.019005	0.004600	0.154257	img__0_1683168589521708000.png
1683168563326	-2.205883	-7.821413	-0.356493	-0.988480	-0.019464	0.004502	0.150030	img__0_1683168589568527000.png
1683168563365	-2.143285	-7.840383	-0.357654	-0.989031	-0.019763	0.003954	0.146326	img__0_1683168589607546000.png
1683168563434	-2.032127	-7.872558	-0.359293	-0.989998	-0.019083	0.002013	0.139768	img__0_1683168589675184000.png
1683168563482	-1.954570	-7.893883	-0.360714	-0.990627	-0.019046	0.000713	0.135258	img__0_1683168589723137000.png
1683168563533	-1.872043	-7.915594	-0.362556	-0.991281	-0.018040	-0.000915	0.130522	img__0_1683168589774276000.png
1683168563575	-1.804048	-7.932773	-0.363937	-0.991776	-0.017976	-0.002099	0.126697	img__0_1683168589817783000.png
1683168563629	-1.716664	-7.953941	-0.365432	-0.992392	-0.017541	-0.003812	0.121799	img__0_1683168589870037000.png
1683168563674	-1.643941	-7.970794	-0.366371	-0.992869	-0.017808	-0.004895	0.117767	img__0_1683168589916283000.png
1683168563725	-1.561699	-7.989007	-0.367572	-0.993393	-0.017530	-0.007537	0.113162	img__0_1683168589965089000.png
1683168563785	-1.465352	-8.009219	-0.369220	-0.993978	-0.016910	-0.009766	0.107826	img__0_1683168590026919000.png
1683168563836	-1.383929	-8.025395	-0.370477	-0.994446	-0.016602	-0.010590	0.103393	img__0_1683168590076662000.png
1683168563884	-1.307745	-8.039790	-0.371669	-0.994869	-0.016347	-0.010884	0.099250	img__0_1683168590125894000.png
1683168563932	-1.232027	-8.053370	-0.373593	-0.995284	-0.015488	-0.010945	0.095132	img__0_1683168590172916000.png
1683168563983	-1.152094	-8.066948	-0.376322	-0.995705	-0.014863	-0.010097	0.090821	img__0_1683168590222937000.png
1683168564031	-1.077317	-8.078977	-0.379193	-0.996082	-0.014116	-0.009317	0.086807	img__0_1683168590271551000.png
1683168564079	-1.002934	-8.090343	-0.381386	-0.996436	-0.013468	-0.009097	0.082772	img__0_1683168590320468000.png
1683168564148	-0.896686	-8.105612	-0.382448	-0.996909	-0.012603	-0.010702	0.076802	img__0_1683168590390159000.png
1683168564199	-0.818748	-8.116114	-0.382026	-0.997235	-0.011904	-0.012561	0.072274	img__0_1683168590439310000.png
1683168564241	-0.755015	-8.124285	-0.380934	-0.997478	-0.011934	-0.014493	0.068456	img__0_1683168590482994000.png
1683168564289	-0.682767	-8.133082	-0.378963	-0.997736	-0.013194	-0.016417	0.063873	img__0_1683168590529931000.png
1683168564337	-0.611231	-8.141249	-0.376450	-0.997999	-0.013963	-0.017344	0.059180	img__0_1683168590579468000.png
1683168564385	-0.540417	-8.148777	-0.372434	-0.998246	-0.015464	-0.017285	0.054477	img__0_1683168590626511000.png
1683168564436	-0.466057	-8.155937	-0.369038	-0.998485	-0.016994	-0.017281	0.049391	img__0_1683168590677078000.png
1683168564499	-0.375679	-8.163235	-0.373899	-0.998859	-0.015378	-0.012940	0.043319	img__0_1683168590741680000.png
1683168564556	-0.294851	-8.168712	-0.379117	-0.999122	-0.013835	-0.008536	0.038606	img__0_1683168590796312000.png
1683168564601	-0.231442	-8.172374	-0.383438	-0.999280	-0.013672	-0.003115	0.035263	img__0_1683168590842003000.png
1683168564646	-0.168184	-8.175494	-0.387387	-0.999389	-0.013311	0.004472	0.031995	img__0_1683168590887471000.png
1683168564700	-0.092102	-8.178646	-0.388266	-0.999429	-0.014465	0.012535	0.027852	img__0_1683168590940968000.png
1683168564748	-0.023960	-8.180828	-0.387560	-0.999478	-0.013255	0.017061	0.024010	img__0_1683168590990238000.png
1683168564793	0.040583	-8.182343	-0.386499	-0.999485	-0.013497	0.020854	0.020335	img__0_1683168591034900000.png
1683168564859	0.136699	-8.183646	-0.384260	-0.999494	-0.013734	0.024667	0.014676	img__0_1683168591099989000.png
1683168564904	0.203420	-8.183860	-0.383298	-0.999491	-0.015013	0.026094	0.010514	img__0_1683168591147081000.png
1683168564955	0.280282	-8.183390	-0.382474	-0.999437	-0.016366	0.028770	0.005501	img__0_1683168591197467000.png
1683168565000	0.349279	-8.182302	-0.381799	-0.999422	-0.016207	0.029876	0.000899	img__0_1683168591243180000.png
1683168565054	0.433642	-8.180115	-0.381478	-0.999317	-0.017075	0.032416	-0.004799	img__0_1683168591296248000.png
1683168565105	0.515035	-8.177111	-0.382262	-0.999199	-0.017471	0.034502	-0.010313	img__0_1683168591345286000.png
1683168565165	0.612979	-8.172406	-0.383433	-0.999092	-0.017565	0.034929	-0.016919	img__0_1683168591407746000.png
1683168565213	0.692986	-8.167750	-0.383461	-0.999006	-0.017938	0.034171	-0.022299	img__0_1683168591455069000.png
1683168565261	0.774442	-8.162276	-0.382872	-0.998880	-0.018139	0.033815	-0.027693	img__0_1683168591502682000.png
1683168565309	0.857327	-8.155965	-0.381781	-0.998732	-0.018152	0.033365	-0.033053	img__0_1683168591549539000.png
1683168565357	0.941623	-8.148804	-0.380234	-0.998554	-0.018169	0.032980	-0.038364	img__0_1683168591599417000.png
1683168565405	1.027337	-8.140759	-0.378808	-0.998393	-0.018177	0.031217	-0.043669	img__0_1683168591646010000.png
1683168565453	1.114411	-8.131817	-0.377774	-0.998175	-0.018958	0.029800	-0.048975	img__0_1683168591696333000.png
1683168565525	1.247405	-8.116688	-0.376835	-0.997837	-0.018328	0.027731	-0.056705	img__0_1683168591765690000.png
1683168565570	1.331839	-8.106231	-0.375774	-0.997592	-0.018857	0.025926	-0.061509	img__0_1683168591812405000.png
1683168565624	1.434406	-8.092610	-0.374575	-0.997245	-0.019444	0.024733	-0.067176	img__0_1683168591866814000.png
1683168565666	1.515049	-8.081200	-0.373421	-0.996986	-0.020099	0.021928	-0.071648	img__0_1683168591907099000.png
1683168565720	1.619743	-8.065416	-0.372364	-0.996580	-0.020576	0.020565	-0.077341	img__0_1683168591961697000.png
1683168565765	1.707737	-8.051335	-0.370797	-0.996240	-0.021234	0.017323	-0.082183	img__0_1683168592006325000.png
1683168565825	1.825934	-8.031188	-0.368670	-0.995749	-0.021145	0.013813	-0.088576	img__0_1683168592067062000.png
1683168565876	1.927010	-8.012853	-0.366760	-0.995332	-0.019367	0.010991	-0.093908	img__0_1683168592118442000.png
1683168565924	2.022507	-7.994653	-0.364586	-0.994907	-0.018621	0.008497	-0.098701	img__0_1683168592167146000.png
1683168565975	2.124237	-7.974387	-0.361897	-0.994430	-0.018209	0.006434	-0.103617	img__0_1683168592217461000.png
1683168566023	2.220137	-7.954459	-0.359187	-0.993974	-0.017601	0.004870	-0.108083	img__0_1683168592264648000.png
1683168566071	2.316116	-7.933712	-0.356847	-0.993508	-0.017212	0.003125	-0.112409	img__0_1683168592314373000.png
1683168566122	2.418091	-7.910800	-0.354914	-0.993012	-0.016377	0.000549	-0.116871	img__0_1683168592364168000.png
1683168566185	2.543872	-7.881354	-0.352866	-0.992392	-0.015750	-0.001175	-0.122098	img__0_1683168592425898000.png
1683168566233	2.639483	-7.858119	-0.351337	-0.991916	-0.015789	-0.001478	-0.125905	img__0_1683168592476422000.png
1683168566284	2.740834	-7.832693	-0.349575	-0.991426	-0.015143	-0.001341	-0.129782	img__0_1683168592526191000.png
1683168566332	2.836005	-7.808086	-0.347799	-0.990961	-0.015043	-0.001504	-0.133294	img__0_1683168592572850000.png
1683168566380	2.930957	-7.782828	-0.346058	-0.990497	-0.014947	-0.001876	-0.136705	img__0_1683168592622582000.png
1683168566431	3.031577	-7.755281	-0.344766	-0.990018	-0.013866	-0.003275	-0.140218	img__0_1683168592673615000.png
1683168566482	3.131865	-7.727053	-0.344138	-0.989549	-0.012777	-0.004221	-0.143565	img__0_1683168592723525000.png
1683168566533	3.231782	-7.698214	-0.343699	-0.989078	-0.012701	-0.004565	-0.146771	img__0_1683168592774409000.png
1683168566581	3.325458	-7.670529	-0.343639	-0.988648	-0.011997	-0.005170	-0.149680	img__0_1683168592823760000.png
1683168566629	3.418755	-7.642346	-0.344199	-0.988217	-0.011846	-0.005831	-0.152492	img__0_1683168592870970000.png
1683168566701	3.557924	-7.599172	-0.346312	-0.987575	-0.011727	-0.006490	-0.156579	img__0_1683168592942985000.png
1683168566752	3.655922	-7.567966	-0.347822	-0.987125	-0.011948	-0.005553	-0.159406	img__0_1683168592995362000.png
1683168566800	3.747747	-7.538102	-0.349490	-0.986725	-0.010836	-0.005055	-0.161960	img__0_1683168593041490000.png
1683168566854	3.850611	-7.503996	-0.351584	-0.986294	-0.009146	-0.005254	-0.164659	img__0_1683168593094954000.png
1683168566896	3.930299	-7.477152	-0.353524	-0.985972	-0.008034	-0.005524	-0.166626	img__0_1683168593139209000.png
1683168566941	4.015366	-7.448135	-0.355762	-0.985638	-0.007183	-0.006041	-0.168609	img__0_1683168593182288000.png
1683168566989	4.105735	-7.416930	-0.358103	-0.985278	-0.007198	-0.007077	-0.170659	img__0_1683168593231655000.png
1683168567052	4.223663	-7.375598	-0.361952	-0.984799	-0.006835	-0.009435	-0.173304	img__0_1683168593294981000.png
1683168567100	4.312904	-7.343861	-0.365231	-0.984429	-0.006528	-0.010939	-0.175321	img__0_1683168593341666000.png
1683168567151	4.407075	-7.309932	-0.368855	-0.984011	-0.007314	-0.012793	-0.177497	img__0_1683168593394631000.png
1683168567202	4.500480	-7.275782	-0.372679	-0.983558	-0.008191	-0.014438	-0.179828	img__0_1683168593442831000.png
1683168567247	4.582189	-7.245440	-0.376134	-0.983123	-0.009152	-0.015819	-0.182029	img__0_1683168593489959000.png
1683168567295	4.668550	-7.212830	-0.379621	-0.982611	-0.010384	-0.017536	-0.184555	img__0_1683168593538045000.png
1683168567349	4.764606	-7.175792	-0.383682	-0.981972	-0.011282	-0.020026	-0.187623	img__0_1683168593589919000.png
1683168567394	4.843677	-7.144629	-0.386900	-0.981430	-0.010918	-0.021574	-0.190291	img__0_1683168593635177000.png
1683168567457	4.952782	-7.100605	-0.390561	-0.980643	-0.008785	-0.024510	-0.194064	img__0_1683168593700176000.png
1683168567511	5.044665	-7.062623	-0.393690	-0.979998	-0.007744	-0.025601	-0.197201	img__0_1683168593753055000.png
1683168567556	5.120009	-7.030869	-0.396623	-0.979463	-0.007018	-0.026544	-0.199746	img__0_1683168593797941000.png
1683168567610	5.208886	-6.992709	-0.400934	-0.978813	-0.005087	-0.028468	-0.202702	img__0_1683168593851577000.png
1683168567658	5.286391	-6.958829	-0.406116	-0.978298	-0.004026	-0.028655	-0.205171	img__0_1683168593899344000.png
1683168567706	5.362525	-6.925053	-0.411727	-0.977834	-0.002890	-0.027744	-0.207516	img__0_1683168593947412000.png
1683168567754	5.437386	-6.891421	-0.416841	-0.977379	-0.001966	-0.026915	-0.209765	img__0_1683168593996399000.png
1683168567802	5.511049	-6.857967	-0.420876	-0.976924	-0.000740	-0.026437	-0.211942	img__0_1683168594045266000.png
1683168567874	5.619267	-6.808224	-0.426981	-0.976221	-0.000963	-0.026450	-0.215156	img__0_1683168594117005000.png
1683168567922	5.689924	-6.775346	-0.430471	-0.975701	-0.001532	-0.027402	-0.217379	img__0_1683168594165335000.png
1683168567967	5.755117	-6.744705	-0.431985	-0.975208	-0.002586	-0.028561	-0.219424	img__0_1683168594208705000.png
1683168568015	5.823480	-6.712183	-0.431788	-0.974673	-0.005425	-0.029580	-0.221605	img__0_1683168594258202000.png
1683168568063	5.890485	-6.679717	-0.431065	-0.974117	-0.009073	-0.029062	-0.223987	img__0_1683168594305080000.png
1683168568114	5.960105	-6.645151	-0.430894	-0.973565	-0.010282	-0.027848	-0.226471	img__0_1683168594355510000.png
1683168568162	6.024387	-6.612459	-0.428014	-0.972948	-0.018832	-0.024746	-0.228920	img__0_1683168594403007000.png
