TimeStamp	POS_X	POS_Y	POS_Z	Q_W	Q_X	Q_Y	Q_Z	ImageFile
1683168956840	6.243848	0.485643	-0.941391	0.666508	0.001891	0.005315	0.745477	img__0_1683168961671590000.png
1683168956885	6.237733	0.573232	-0.939716	0.665406	0.002400	0.004948	0.746461	img__0_1683168961716493000.png
1683168956951	6.228421	0.701454	-0.937498	0.663836	0.002246	0.005112	0.747857	img__0_1683168961782312000.png
1683168956996	6.221824	0.788709	-0.936622	0.662769	0.002881	0.005455	0.748798	img__0_1683168961828348000.png
1683168957047	6.214078	0.887424	-0.936276	0.661540	0.002330	0.006498	0.749878	img__0_1683168961876322000.png
1683168957095	6.206511	0.980129	-0.936452	0.660425	0.001962	0.006347	0.750862	img__0_1683168961925038000.png
1683168957143	6.198695	1.072620	-0.936710	0.659398	0.000831	0.005809	0.751771	img__0_1683168961974255000.png
1683168957194	6.190174	1.170641	-0.937003	0.658422	-0.000294	0.005502	0.752629	img__0_1683168962023619000.png
1683168957266	6.177857	1.308555	-0.937665	0.657257	-0.000385	0.004093	0.753656	img__0_1683168962095722000.png
1683168957311	6.170033	1.394508	-0.937969	0.656684	-0.000806	0.003312	0.754158	img__0_1683168962140463000.png
1683168957365	6.160571	1.497420	-0.938503	0.656104	-0.002211	0.003736	0.754658	img__0_1683168962194456000.png
1683168957404	6.153713	1.571552	-0.939038	0.655742	-0.002586	0.003903	0.754971	img__0_1683168962235617000.png
1683168957455	6.144722	1.668226	-0.940051	0.655313	-0.002930	0.004405	0.755339	img__0_1683168962285520000.png
1683168957500	6.136765	1.753257	-0.941073	0.654937	-0.002242	0.004631	0.755666	img__0_1683168962331009000.png
1683168957551	6.127691	1.849331	-0.942244	0.654518	-0.001937	0.004434	0.756031	img__0_1683168962382683000.png
1683168957617	6.115871	1.973217	-0.943829	0.654113	-0.003707	0.004120	0.756376	img__0_1683168962447995000.png
1683168957665	6.107281	2.062963	-0.945286	0.653899	-0.004554	0.003993	0.756558	img__0_1683168962495060000.png
1683168957713	6.098735	2.152381	-0.947060	0.653760	-0.004141	0.003236	0.756684	img__0_1683168962544966000.png
1683168957764	6.089718	2.247069	-0.949296	0.653734	-0.004022	0.001235	0.756713	img__0_1683168962595120000.png
1683168957815	6.080808	2.341510	-0.951935	0.653854	-0.002613	0.000561	0.756616	img__0_1683168962646144000.png
1683168957863	6.072517	2.430236	-0.954842	0.653976	-0.001268	-0.000457	0.756514	img__0_1683168962693795000.png
1683168957908	6.064806	2.513346	-0.957672	0.654104	0.000526	-0.001993	0.756402	img__0_1683168962740437000.png
1683168957956	6.056628	2.602023	-0.960828	0.654250	0.001955	-0.002960	0.756270	img__0_1683168962788219000.png
1683168958022	6.045425	2.724145	-0.965537	0.654402	0.005198	-0.004571	0.756115	img__0_1683168962852005000.png
1683168958073	6.036746	2.818804	-0.969264	0.654529	0.006151	-0.006005	0.755988	img__0_1683168962902588000.png
1683168958118	6.029064	2.902641	-0.972700	0.654713	0.007264	-0.007993	0.755801	img__0_1683168962948926000.png
1683168958166	6.020864	2.992491	-0.977067	0.655011	0.007004	-0.008787	0.755536	img__0_1683168962996264000.png
1683168958223	6.011168	3.099762	-0.981496	0.655583	0.005419	-0.010311	0.755033	img__0_1683168963052773000.png
1683168958265	6.004118	3.179203	-0.983998	0.656135	0.005294	-0.010629	0.754550	img__0_1683168963096145000.png
1683168958337	5.992328	3.316221	-0.988278	0.657526	0.002092	-0.013326	0.753311	img__0_1683168963166832000.png
1683168958382	5.985285	3.402369	-0.990139	0.658893	-0.001072	-0.014860	0.752090	img__0_1683168963214652000.png
1683168958427	5.978662	3.488888	-0.991807	0.660579	-0.002484	-0.016999	0.750560	img__0_1683168963257946000.png
1683168958481	5.971404	3.593231	-0.993929	0.662964	-0.003417	-0.018387	0.748418	img__0_1683168963311279000.png
1683168958526	5.965995	3.680627	-0.995608	0.665279	-0.003980	-0.019206	0.746337	img__0_1683168963357604000.png
1683168958571	5.961233	3.768457	-0.997930	0.667912	-0.003275	-0.020199	0.743959	img__0_1683168963401487000.png
1683168958637	5.955411	3.898122	-1.001549	0.672419	-0.002856	-0.021246	0.739860	img__0_1683168963468170000.png
1683168958682	5.952244	3.987139	-1.004015	0.675864	-0.003074	-0.021468	0.736707	img__0_1683168963514554000.png
1683168958733	5.949465	4.088621	-1.006776	0.680042	-0.003700	-0.021453	0.732850	img__0_1683168963563219000.png
1683168958781	5.947678	4.184706	-1.009961	0.684165	-0.003842	-0.021476	0.729001	img__0_1683168963612699000.png
1683168958835	5.946681	4.293480	-1.015352	0.688961	-0.003771	-0.021573	0.724467	img__0_1683168963664867000.png
1683168958880	5.946647	4.384657	-1.020563	0.693057	-0.004191	-0.021454	0.720551	img__0_1683168963712099000.png
1683168958934	5.947538	4.494647	-1.026553	0.698079	-0.005394	-0.021191	0.715687	img__0_1683168963764299000.png
1683168958979	5.949091	4.586750	-1.031576	0.702339	-0.006559	-0.020871	0.711506	img__0_1683168963811669000.png
1683168959042	5.952579	4.716284	-1.038945	0.708397	-0.007929	-0.020656	0.705468	img__0_1683168963874312000.png
1683168959090	5.956335	4.815399	-1.045690	0.713015	-0.008351	-0.020578	0.700797	img__0_1683168963922206000.png
1683168959138	5.961098	4.914866	-1.054384	0.717571	-0.008353	-0.020653	0.696129	img__0_1683168963970102000.png
1683168959192	5.967651	5.027177	-1.066169	0.722591	-0.008374	-0.020662	0.690916	img__0_1683168964022586000.png
1683168959240	5.974534	5.127365	-1.078234	0.726931	-0.007877	-0.020916	0.686346	img__0_1683168964069951000.png
1683168959288	5.982407	5.227900	-1.091802	0.731172	-0.007837	-0.021064	0.681823	img__0_1683168964118932000.png
1683168959336	5.991276	5.328787	-1.106850	0.735290	-0.007296	-0.021354	0.677376	img__0_1683168964168451000.png
1683168959390	6.002417	5.442712	-1.125021	0.739800	-0.007829	-0.021224	0.672447	img__0_1683168964221730000.png
1683168959441	6.014051	5.550686	-1.142581	0.743964	-0.008774	-0.021102	0.667829	img__0_1683168964273208000.png
1683168959501	6.029177	5.678131	-1.164369	0.748773	-0.010022	-0.020743	0.662426	img__0_1683168964332010000.png
1683168959552	6.043290	5.786739	-1.183806	0.752761	-0.012234	-0.020031	0.657876	img__0_1683168964382541000.png
1683168959600	6.057646	5.889087	-1.202338	0.756437	-0.014204	-0.019445	0.653624	img__0_1683168964432642000.png
1683168959648	6.073111	5.991468	-1.221661	0.760030	-0.015671	-0.018868	0.649426	img__0_1683168964480254000.png
1683168959699	6.090851	6.100197	-1.244404	0.763726	-0.016320	-0.018672	0.645065	img__0_1683168964530342000.png
1683168959747	6.108828	6.202435	-1.268554	0.767074	-0.017498	-0.018073	0.641066	img__0_1683168964579408000.png
1683168959801	6.130493	6.317266	-1.297699	0.770658	-0.019074	-0.017307	0.636728	img__0_1683168964631840000.png
1683168959849	6.150944	6.419094	-1.323300	0.773657	-0.021448	-0.015698	0.633047	img__0_1683168964680060000.png
1683168959897	6.172550	6.520555	-1.348870	0.776523	-0.024868	-0.014206	0.629438	img__0_1683168964729648000.png
1683168959960	6.202640	6.652870	-1.381120	0.780445	-0.033468	-0.007346	0.624284	img__0_1683168964792191000.png
1683168960008	6.226775	6.752667	-1.402680	0.783492	-0.039797	0.000069	0.620126	img__0_1683168964840343000.png
1683168960065	6.256607	6.869592	-1.423034	0.787026	-0.045410	0.006864	0.615209	img__0_1683168964896732000.png
1683168960104	6.251549	6.834908	-1.417776	0.787737	-0.044584	0.007035	0.614356	img__0_1683168964936593000.png
1683168960152	6.251222	6.833375	-1.416814	0.787835	-0.031784	-0.005980	0.615036	img__0_1683168964983833000.png
1683168960203	6.259470	6.839230	-1.418998	0.787897	-0.015470	-0.022669	0.615195	img__0_1683168965033615000.png
1683168960266	6.271947	6.846596	-1.427004	0.788742	-0.003986	-0.039203	0.613460	img__0_1683168965098442000.png
1683168960317	6.284536	6.853973	-1.442612	0.790336	0.006167	-0.046345	0.610887	img__0_1683168965148583000.png
1683168960368	6.299190	6.863328	-1.463583	0.792531	0.013861	-0.051999	0.607452	img__0_1683168965199026000.png
1683168960413	6.313645	6.873514	-1.484131	0.795001	0.018377	-0.055837	0.603753	img__0_1683168965244294000.png
1683168960464	6.331528	6.887230	-1.505911	0.798339	0.022685	-0.058856	0.598896	img__0_1683168965296140000.png
1683168960515	6.350899	6.903304	-1.524274	0.801976	0.027117	-0.059544	0.593763	img__0_1683168965345390000.png
1683168960560	6.369306	6.919819	-1.539707	0.805137	0.031975	-0.058738	0.589307	img__0_1683168965393100000.png
1683168960614	6.393096	6.943250	-1.561746	0.808755	0.038368	-0.056307	0.584185	img__0_1683168965446150000.png
1683168960674	6.421295	6.974065	-1.589940	0.812555	0.043761	-0.053324	0.578789	img__0_1683168965507095000.png
1683168960722	6.444723	7.001767	-1.610001	0.815313	0.047071	-0.050955	0.574850	img__0_1683168965552760000.png
1683168960773	6.470223	7.034014	-1.627265	0.818075	0.048566	-0.048119	0.571033	img__0_1683168965603422000.png
1683168960821	6.494729	7.067337	-1.642120	0.820204	0.051991	-0.043982	0.568003	img__0_1683168965651796000.png
1683168960875	6.522674	7.108673	-1.660147	0.822105	0.055540	-0.038618	0.565302	img__0_1683168965707933000.png
1683168960917	6.544470	7.143663	-1.675342	0.822942	0.060049	-0.032708	0.563996	img__0_1683168965749694000.png
1683168960968	6.570655	7.189043	-1.691789	0.823144	0.064129	-0.025817	0.563608	img__0_1683168965798284000.png
1683168961031	6.602079	7.249147	-1.706820	0.822216	0.068305	-0.016102	0.564832	img__0_1683168965863441000.png
1683168961079	6.625009	7.297678	-1.712989	0.820728	0.069397	-0.007934	0.567033	img__0_1683168965910902000.png
1683168961130	6.648061	7.351709	-1.714934	0.819194	0.065333	-0.000494	0.569782	img__0_1683168965961404000.png
1683168961175	6.666842	7.401637	-1.716064	0.817040	0.067673	0.008982	0.572526	img__0_1683168966007690000.png
1683168961226	6.685844	7.460716	-1.718048	0.813439	0.073037	0.020608	0.576678	img__0_1683168966057509000.png
1683168961274	6.701359	7.518266	-1.717095	0.808202	0.079821	0.036714	0.582314	img__0_1683168966104945000.png
1683168961349	6.720007	7.611243	-1.706223	0.798536	0.081023	0.049679	0.594397	img__0_1683168966180393000.png
1683168961391	6.725992	7.665161	-1.701332	0.793075	0.073537	0.050336	0.602570	img__0_1683168966224246000.png
1683168961445	6.728622	7.736145	-1.699057	0.784664	0.070562	0.052618	0.613641	img__0_1683168966276460000.png
1683168961493	6.726569	7.800444	-1.698470	0.776596	0.066849	0.053043	0.624193	img__0_1683168966324253000.png
1683168961532	6.722060	7.853326	-1.698157	0.769253	0.064688	0.054522	0.633319	img__0_1683168966364706000.png
1683168961583	6.711652	7.923319	-1.701907	0.758939	0.067220	0.053007	0.645510	img__0_1683168966413596000.png
1683168961631	6.697412	7.990064	-1.708430	0.748847	0.066431	0.048490	0.657619	img__0_1683168966461991000.png
1683168961691	6.674331	8.074624	-1.717288	0.735113	0.066014	0.045858	0.673163	img__0_1683168966524064000.png
1683168961754	6.643897	8.164727	-1.727574	0.719413	0.064147	0.045972	0.690085	img__0_1683168966585926000.png
1683168961799	6.618402	8.229770	-1.735011	0.707662	0.062333	0.045755	0.702307	img__0_1683168966631972000.png
1683168961841	6.591822	8.290896	-1.742087	0.696189	0.060283	0.046649	0.713800	img__0_1683168966673107000.png
1683168961889	6.558213	8.361089	-1.750133	0.682530	0.057494	0.048225	0.726995	img__0_1683168966722221000.png
1683168961940	6.518870	8.435846	-1.758048	0.667653	0.053915	0.048523	0.740930	img__0_1683168966772783000.png
1683168961988	6.478524	8.506186	-1.764903	0.653335	0.050621	0.048282	0.753830	img__0_1683168966819200000.png
1683168962039	6.432431	8.580752	-1.770603	0.638455	0.045855	0.043533	0.767058	img__0_1683168966870219000.png
1683168962105	6.368055	8.676836	-1.777516	0.618955	0.039323	0.041661	0.783334	img__0_1683168966936354000.png
1683168962156	6.314973	8.750579	-1.782569	0.604597	0.033340	0.034408	0.795090	img__0_1683168966988000000.png
1683168962198	6.269498	8.810995	-1.785651	0.593225	0.028896	0.030712	0.803931	img__0_1683168967030970000.png
1683168962252	6.208927	8.888242	-1.789884	0.579167	0.022234	0.026706	0.814468	img__0_1683168967084736000.png
1683168962300	6.153490	8.956449	-1.793174	0.567496	0.015739	0.021400	0.822947	img__0_1683168967132041000.png
1683168962345	6.100463	9.019992	-1.796358	0.557430	0.010521	0.015885	0.830005	img__0_1683168967176096000.png
1683168962396	6.039528	9.091611	-1.800098	0.547071	0.005368	0.010128	0.837008	img__0_1683168967228659000.png
1683168962459	5.963573	9.179620	-1.806182	0.535941	-0.001727	0.002108	0.844251	img__0_1683168967291295000.png
1683168962504	5.909283	9.242293	-1.810789	0.529238	-0.005064	-0.004186	0.848448	img__0_1683168967336474000.png
1683168962558	5.844488	9.317464	-1.816397	0.522456	-0.009456	-0.007127	0.852584	img__0_1683168967389051000.png
1683168962606	5.787453	9.384305	-1.821151	0.517425	-0.011856	-0.011331	0.855571	img__0_1683168967438337000.png
1683168962657	5.727639	9.455433	-1.825800	0.513119	-0.014352	-0.013134	0.858097	img__0_1683168967490138000.png
1683168962702	5.675647	9.518322	-1.829032	0.510042	-0.016190	-0.015015	0.859866	img__0_1683168967532834000.png
1683168962753	5.617749	9.589763	-1.832000	0.507389	-0.017735	-0.017392	0.861359	img__0_1683168967583748000.png
1683168962816	5.547928	9.678359	-1.835276	0.505151	-0.017945	-0.015461	0.862706	img__0_1683168967647638000.png
1683168962864	5.496020	9.746071	-1.838256	0.503758	-0.017360	-0.013467	0.863566	img__0_1683168967696042000.png
1683168962912	5.445147	9.813872	-1.841647	0.502512	-0.017305	-0.010031	0.864339	img__0_1683168967744597000.png
1683168962963	5.392110	9.885886	-1.845065	0.501261	-0.017031	-0.008092	0.865091	img__0_1683168967795046000.png
1683168963008	5.346102	9.949333	-1.847238	0.500294	-0.016715	-0.006395	0.865671	img__0_1683168967841755000.png
1683168963056	5.297834	10.016848	-1.850007	0.499308	-0.015456	-0.003980	0.866278	img__0_1683168967888236000.png
1683168963128	5.226837	10.117699	-1.855652	0.497936	-0.013898	-0.003324	0.867096	img__0_1683168967960371000.png
1683168963173	5.183230	10.180477	-1.859715	0.497173	-0.013377	-0.002350	0.867545	img__0_1683168968003982000.png
1683168963224	5.134431	10.251375	-1.863778	0.496398	-0.011711	-0.002640	0.868012	img__0_1683168968055484000.png
1683168963266	5.094717	10.309591	-1.867630	0.495799	-0.010564	-0.002105	0.868371	img__0_1683168968097784000.png
1683168963317	5.046979	10.380084	-1.871646	0.495080	-0.009696	-0.000987	0.868793	img__0_1683168968148046000.png
1683168963362	5.005246	10.442096	-1.874479	0.494510	-0.008033	-0.002079	0.869132	img__0_1683168968195354000.png
1683168963413	4.958353	10.512242	-1.877067	0.494035	-0.006664	-0.003744	0.869408	img__0_1683168968245338000.png
1683168963476	4.900991	10.598809	-1.880202	0.493601	-0.006004	-0.003146	0.869662	img__0_1683168968309126000.png
1683168963527	4.854952	10.668827	-1.881317	0.493366	-0.005523	-0.002833	0.869800	img__0_1683168968359434000.png
1683168963575	4.811922	10.734678	-1.881478	0.493189	-0.005179	-0.001952	0.869905	img__0_1683168968406301000.png
1683168963623	4.769166	10.800462	-1.881747	0.493020	-0.004738	-0.001451	0.870004	img__0_1683168968456155000.png
1683168963674	4.723994	10.870265	-1.881615	0.492875	-0.004062	-0.001548	0.870089	img__0_1683168968505053000.png
1683168963722	4.681707	10.935892	-1.882167	0.492776	-0.003265	-0.001483	0.870149	img__0_1683168968553257000.png
1683168963773	4.636981	11.005570	-1.882761	0.492726	-0.002652	-0.002968	0.870176	img__0_1683168968604028000.png
1683168963833	4.584640	11.087574	-1.884586	0.492856	-0.001974	-0.004253	0.870098	img__0_1683168968664332000.png
1683168963881	4.542978	11.153263	-1.886207	0.492994	-0.001388	-0.003201	0.870026	img__0_1683168968713233000.png
1683168963929	4.501473	11.219030	-1.888161	0.493190	-0.000688	-0.004759	0.869909	img__0_1683168968761144000.png
1683168963980	4.457544	11.289049	-1.890630	0.493510	-0.000380	-0.005142	0.869725	img__0_1683168968812727000.png
1683168964028	4.416340	11.355097	-1.893004	0.493690	0.000393	-0.001879	0.869636	img__0_1683168968860645000.png
1683168964076	4.375199	11.421213	-1.895352	0.493741	0.000592	-0.001564	0.869607	img__0_1683168968909511000.png
1683168964148	4.313552	11.520469	-1.898846	0.493787	0.000528	-0.001119	0.869582	img__0_1683168968979786000.png
1683168964196	4.272490	11.586673	-1.901316	0.493782	0.000053	-0.000937	0.869585	img__0_1683168969028731000.png
1683168964241	4.234027	11.648746	-1.903471	0.493872	0.000403	-0.002123	0.869532	img__0_1683168969072482000.png
1683168964286	4.195610	11.710866	-1.905706	0.493991	0.000542	-0.002121	0.869465	img__0_1683168969119381000.png
1683168964334	4.154677	11.777191	-1.908043	0.494180	0.000879	-0.003258	0.869353	img__0_1683168969167788000.png
1683168964385	4.111246	11.847775	-1.910224	0.494428	0.001183	-0.003179	0.869212	img__0_1683168969216036000.png
1683168964457	4.050030	11.947641	-1.911909	0.494888	0.000685	-0.003760	0.868948	img__0_1683168969290032000.png
1683168964505	4.009311	12.014379	-1.913192	0.495319	0.000606	-0.004781	0.868698	img__0_1683168969337395000.png
1683168964547	3.973764	12.072908	-1.914358	0.495777	0.000708	-0.004961	0.868436	img__0_1683168969379186000.png
1683168964610	3.920573	12.160932	-1.915909	0.496280	0.001280	-0.003185	0.868156	img__0_1683168969443689000.png
1683168964652	3.885155	12.219733	-1.917513	0.496581	0.001484	-0.003215	0.867983	img__0_1683168969485700000.png
1683168964694	3.849766	12.278636	-1.920004	0.496866	0.001163	-0.003043	0.867821	img__0_1683168969527364000.png
1683168964742	3.809357	12.346052	-1.923327	0.497085	0.000845	-0.000945	0.867701	img__0_1683168969575821000.png
1683168964790	3.768964	12.413507	-1.925993	0.497267	0.000926	-0.001453	0.867596	img__0_1683168969621317000.png
1683168964862	3.708421	12.514776	-1.929538	0.497672	0.000416	-0.002738	0.867361	img__0_1683168969694184000.png
1683168964907	3.670651	12.578156	-1.931331	0.498059	-0.000660	-0.002967	0.867138	img__0_1683168969738941000.png
1683168964952	3.632975	12.641586	-1.932496	0.498480	-0.001861	-0.002057	0.866897	img__0_1683168969784875000.png
1683168965006	3.587925	12.717713	-1.934206	0.499025	-0.002684	-0.001946	0.866581	img__0_1683168969837619000.png
1683168965051	3.550540	12.781142	-1.934977	0.499560	-0.002812	-0.002631	0.866270	img__0_1683168969883069000.png
1683168965099	3.510839	12.848796	-1.935488	0.500132	-0.002775	-0.001295	0.865944	img__0_1683168969932559000.png
1683168965150	3.468839	12.920633	-1.936296	0.500658	-0.003019	-0.000648	0.865640	img__0_1683168969981622000.png
1683168965213	3.417194	13.009245	-1.938356	0.501121	-0.002934	0.001681	0.865371	img__0_1683168970046527000.png
1683168965264	3.375531	13.080797	-1.941405	0.501354	-0.001942	0.000584	0.865240	img__0_1683168970096723000.png
1683168965312	3.336408	13.148017	-1.945547	0.501489	-0.001379	0.001177	0.865162	img__0_1683168970143917000.png
1683168965360	3.297333	13.215126	-1.950165	0.501496	-0.000168	0.001550	0.865159	img__0_1683168970192405000.png
1683168965408	3.258257	13.282140	-1.953835	0.501402	0.000648	0.001558	0.865213	img__0_1683168970239802000.png
1683168965459	3.216693	13.353249	-1.957432	0.501127	0.001402	0.003157	0.865367	img__0_1683168970291409000.png
1683168965504	3.179927	13.415885	-1.960700	0.500753	0.002310	0.002739	0.865583	img__0_1683168970336448000.png
1683168965576	3.120864	13.515925	-1.965174	0.499982	0.002487	0.003711	0.866024	img__0_1683168970409391000.png
1683168965627	3.078819	13.586627	-1.967490	0.499283	0.002416	0.003779	0.866427	img__0_1683168970459468000.png
1683168965672	3.041565	13.648893	-1.970022	0.498753	0.002857	0.002523	0.866736	img__0_1683168970504220000.png
1683168965717	3.004170	13.711085	-1.973593	0.498030	0.002725	0.004672	0.867143	img__0_1683168970550648000.png
1683168965771	2.959069	13.785542	-1.978427	0.497095	0.002683	0.004617	0.867680	img__0_1683168970604133000.png
1683168965816	2.921290	13.847438	-1.983199	0.496179	0.003291	0.005551	0.868196	img__0_1683168970647582000.png
1683168965864	2.880785	13.913291	-1.987828	0.495157	0.002176	0.005731	0.868782	img__0_1683168970696145000.png
1683168965924	2.829866	13.995313	-1.993102	0.493672	0.002874	0.007063	0.869615	img__0_1683168970757869000.png
1683168965972	2.788849	14.060658	-1.997660	0.492385	0.002899	0.005832	0.870353	img__0_1683168970806168000.png
1683168966023	2.745018	14.129860	-2.002278	0.491066	0.002638	0.006264	0.871096	img__0_1683168970855214000.png
1683168966074	2.700932	14.198819	-2.008053	0.489648	0.002691	0.006706	0.871890	img__0_1683168970907847000.png
1683168966122	2.659199	14.263478	-2.013914	0.488180	0.003351	0.007443	0.872705	img__0_1683168970954837000.png
1683168966173	2.614565	14.331911	-2.019674	0.486487	0.003800	0.006847	0.873653	img__0_1683168971005593000.png
1683168966227	2.566960	14.404091	-2.025089	0.484726	0.004237	0.006341	0.874633	img__0_1683168971058312000.png
1683168966275	2.524346	14.468047	-2.029536	0.483129	0.004045	0.007052	0.875512	img__0_1683168971106432000.png
1683168966320	2.484139	14.527814	-2.033154	0.481533	0.003609	0.008171	0.876383	img__0_1683168971153842000.png
1683168966374	2.435551	14.599216	-2.037021	0.479538	0.003454	0.007270	0.877484	img__0_1683168971205558000.png
1683168966434	2.381154	14.678172	-2.040305	0.477468	0.004473	0.005919	0.878618	img__0_1683168971268334000.png
1683168966485	2.334557	14.745042	-2.043395	0.475512	0.003963	0.009240	0.879652	img__0_1683168971316685000.png
1683168966533	2.290358	14.807691	-2.046849	0.473534	0.004338	0.009223	0.880717	img__0_1683168971366444000.png
1683168966584	2.243025	14.873924	-2.050257	0.471420	0.004545	0.008405	0.881857	img__0_1683168971415830000.png
1683168966632	2.198130	14.935982	-2.053494	0.469552	0.004329	0.006272	0.882872	img__0_1683168971465034000.png
1683168966680	2.152930	14.997821	-2.057056	0.467613	0.003696	0.008558	0.883884	img__0_1683168971513602000.png
1683168966737	2.098865	15.070906	-2.060976	0.465207	0.004069	0.008343	0.885153	img__0_1683168971569445000.png
1683168966797	2.041506	15.147427	-2.063705	0.462700	0.003385	0.007069	0.886481	img__0_1683168971630924000.png
1683168966839	2.001113	15.200771	-2.064740	0.461027	0.003089	0.006479	0.887357	img__0_1683168971672318000.png
1683168966890	1.951825	15.265315	-2.065458	0.459064	0.002897	0.006018	0.888378	img__0_1683168971724035000.png
1683168966938	1.905200	15.325836	-2.066555	0.457201	0.003560	0.006804	0.889330	img__0_1683168971769767000.png
1683168966989	1.855367	15.389874	-2.068951	0.455026	0.003763	0.008769	0.890427	img__0_1683168971820657000.png
1683168967037	1.808164	15.449857	-2.071020	0.452975	0.003559	0.007155	0.891488	img__0_1683168971868226000.png
1683168967109	1.736839	15.539337	-2.073805	0.449879	0.003886	0.007388	0.893050	img__0_1683168971940779000.png
1683168967160	1.685913	15.602361	-2.076839	0.447706	0.004391	0.006358	0.894147	img__0_1683168971993118000.png
1683168967205	1.640733	15.657791	-2.077930	0.445859	0.004870	0.005718	0.895072	img__0_1683168972037519000.png
1683168967253	1.592257	15.716757	-2.079287	0.443852	0.005575	0.006106	0.896062	img__0_1683168972086814000.png
1683168967298	1.546512	15.771879	-2.080717	0.441847	0.005564	0.006661	0.897048	img__0_1683168972130888000.png
1683168967346	1.497389	15.830498	-2.082535	0.439878	0.005634	0.004676	0.898028	img__0_1683168972177680000.png
1683168967397	1.444865	15.892658	-2.084883	0.437897	0.006067	0.003075	0.898999	img__0_1683168972228737000.png
1683168967460	1.379571	15.969424	-2.085470	0.435788	0.006961	0.001248	0.900022	img__0_1683168972294385000.png
1683168967505	1.332639	16.024326	-2.085854	0.434243	0.005716	0.002803	0.900773	img__0_1683168972338130000.png
1683168967556	1.279166	16.086514	-2.086354	0.432515	0.004962	0.002549	0.901610	img__0_1683168972389181000.png
1683168967604	1.228584	16.144985	-2.087853	0.431011	0.004956	0.002906	0.902328	img__0_1683168972436667000.png
1683168967649	1.180944	16.199780	-2.090396	0.429541	0.004680	0.003262	0.903029	img__0_1683168972481796000.png
1683168967697	1.129903	16.258148	-2.093206	0.427924	0.004052	0.004577	0.903794	img__0_1683168972529130000.png
1683168967760	1.062578	16.334557	-2.095570	0.425698	0.003790	0.005521	0.904841	img__0_1683168972594593000.png
1683168967811	1.007786	16.396187	-2.097069	0.423826	0.004397	0.005589	0.905716	img__0_1683168972644080000.png
1683168967859	0.955941	16.453985	-2.098866	0.421808	0.003923	0.009367	0.906628	img__0_1683168972692610000.png
1683168967910	0.900507	16.515049	-2.101529	0.419510	0.004234	0.009204	0.907694	img__0_1683168972742471000.png
1683168967955	0.851300	16.568632	-2.103543	0.417571	0.005409	0.006737	0.908603	img__0_1683168972788898000.png
1683168968003	0.798494	16.625557	-2.105413	0.415303	0.005568	0.010840	0.909602	img__0_1683168972837280000.png
1683168968054	0.741960	16.685680	-2.107488	0.412743	0.005810	0.010038	0.910774	img__0_1683168972886888000.png
1683168968126	0.661365	16.769890	-2.110739	0.409004	0.006072	0.009916	0.912459	img__0_1683168972958494000.png
1683168968177	0.603721	16.829098	-2.113222	0.406549	0.006756	0.005790	0.913586	img__0_1683168973009656000.png
1683168968216	0.559396	16.874256	-2.113133	0.404956	0.007183	0.002736	0.914304	img__0_1683168973050369000.png
1683168968267	0.501108	16.933250	-2.113379	0.402738	0.005050	0.005929	0.915282	img__0_1683168973101253000.png
1683168968315	0.445941	16.988594	-2.113039	0.400602	0.005369	0.007045	0.916209	img__0_1683168973147517000.png
1683168968366	0.386938	17.047132	-2.114754	0.398149	0.004768	0.009052	0.917264	img__0_1683168973200008000.png
1683168968411	0.334565	17.098486	-2.116503	0.395825	0.003218	0.010958	0.918255	img__0_1683168973245237000.png
1683168968477	0.257263	17.173149	-2.118920	0.392273	0.003250	0.011772	0.919768	img__0_1683168973308869000.png
1683168968525	0.200667	17.226912	-2.120969	0.389604	0.003309	0.011233	0.920908	img__0_1683168973356795000.png
1683168968573	0.143789	17.280268	-2.121287	0.387068	0.003724	0.009995	0.921989	img__0_1683168973405503000.png
1683168968624	0.083007	17.336515	-2.122049	0.384078	0.004113	0.012785	0.923203	img__0_1683168973456540000.png
1683168968669	0.029024	17.385668	-2.123394	0.381366	0.004135	0.012542	0.924330	img__0_1683168973503612000.png
1683168968717	-0.028909	17.437624	-2.125217	0.378418	0.003670	0.012696	0.925541	img__0_1683168973551632000.png
1683168968786	-0.112835	17.511427	-2.128719	0.373852	0.004203	0.015415	0.927351	img__0_1683168973619208000.png
1683168968831	-0.168033	17.558895	-2.131987	0.370590	0.003553	0.016477	0.928644	img__0_1683168973663676000.png
1683168968879	-0.227293	17.608898	-2.135174	0.367079	0.003052	0.015848	0.930050	img__0_1683168973713346000.png
1683168968930	-0.290639	17.661350	-2.137477	0.363486	0.003339	0.013984	0.931489	img__0_1683168973762537000.png
1683168968975	-0.346856	17.707098	-2.139560	0.360414	0.003779	0.012780	0.932697	img__0_1683168973809353000.png
1683168969026	-0.410911	17.758427	-2.140869	0.356839	0.003504	0.014828	0.934041	img__0_1683168973858507000.png
1683168969074	-0.471551	17.806156	-2.141582	0.353320	0.003151	0.014108	0.935391	img__0_1683168973907197000.png
1683168969140	-0.555484	17.870829	-2.142668	0.348434	0.003346	0.016547	0.937181	img__0_1683168973973257000.png
1683168969188	-0.616972	17.917072	-2.144922	0.344588	0.002516	0.017260	0.938592	img__0_1683168974020021000.png
1683168969233	-0.674960	17.959743	-2.148599	0.341038	0.002920	0.014740	0.939929	img__0_1683168974067031000.png
1683168969284	-0.741014	18.007458	-2.151823	0.337069	0.003172	0.014728	0.941360	img__0_1683168974117014000.png
1683168969332	-0.803506	18.051773	-2.153697	0.333283	0.003194	0.015346	0.942697	img__0_1683168974165680000.png
1683168969383	-0.870274	18.098167	-2.155703	0.329076	0.003064	0.016991	0.944146	img__0_1683168974215611000.png
1683168969431	-0.933482	18.141113	-2.158040	0.325056	0.003786	0.015758	0.945556	img__0_1683168974265730000.png
1683168969482	-1.001060	18.185989	-2.161905	0.320744	0.003913	0.015762	0.947027	img__0_1683168974314425000.png
1683168969551	-1.093108	18.245613	-2.165253	0.314988	0.003346	0.014470	0.948979	img__0_1683168974383427000.png
1683168969599	-1.157519	18.286390	-2.166522	0.311229	0.003212	0.012204	0.950251	img__0_1683168974433369000.png
1683168969644	-1.218157	18.324167	-2.167414	0.307868	0.003135	0.011433	0.951355	img__0_1683168974477466000.png
1683168969692	-1.283112	18.363968	-2.169481	0.304174	0.003271	0.012572	0.952528	img__0_1683168974525336000.png
1683168969740	-1.348369	18.403231	-2.172523	0.300472	0.004300	0.012329	0.953701	img__0_1683168974574072000.png
1683168969791	-1.418052	18.444387	-2.175690	0.296243	0.003509	0.015163	0.954986	img__0_1683168974624309000.png
1683168969854	-1.504618	18.494289	-2.178507	0.290961	0.003544	0.013784	0.956629	img__0_1683168974686380000.png
1683168969899	-1.566773	18.529331	-2.180129	0.287462	0.004379	0.012198	0.957704	img__0_1683168974733699000.png
1683168969950	-1.637555	18.568512	-2.182823	0.283567	0.004744	0.011023	0.958878	img__0_1683168974783951000.png
1683168970001	-1.708714	18.607162	-2.186908	0.279609	0.005204	0.012681	0.960016	img__0_1683168974833161000.png
1683168970049	-1.776052	18.645262	-2.191507	0.275585	0.005247	0.010909	0.961201	img__0_1683168974884164000.png
1683168970094	-1.839486	18.676252	-2.194885	0.272380	0.005143	0.011294	0.962110	img__0_1683168974928556000.png
1683168970148	-1.915981	18.715607	-2.199140	0.268280	0.004880	0.010076	0.963276	img__0_1683168974982230000.png
1683168970211	-2.005714	18.760843	-2.204125	0.263504	0.003647	0.012519	0.964570	img__0_1683168975044506000.png
1683168970259	-2.074413	18.794771	-2.208269	0.260041	0.005003	0.008187	0.965550	img__0_1683168975093244000.png
1683168970307	-2.143388	18.828333	-2.212190	0.256602	0.004716	0.010504	0.966449	img__0_1683168975140054000.png
1683168970358	-2.216998	18.863550	-2.216459	0.252928	0.005072	0.010152	0.967418	img__0_1683168975190751000.png
1683168970406	-2.286591	18.896271	-2.220803	0.249448	0.004595	0.010608	0.968319	img__0_1683168975239099000.png
1683168970454	-2.356490	18.928543	-2.226088	0.245936	0.004701	0.011049	0.969212	img__0_1683168975288252000.png
1683168970502	-2.426681	18.960361	-2.231503	0.242325	0.002679	0.012911	0.970105	img__0_1683168975336178000.png
1683168970577	-2.536808	19.008982	-2.238935	0.236378	0.002059	0.015665	0.971533	img__0_1683168975410606000.png
1683168970625	-2.607591	19.039209	-2.244956	0.232312	0.002259	0.016871	0.972492	img__0_1683168975457813000.png
1683168970670	-2.674174	19.066875	-2.250926	0.228337	0.002561	0.017831	0.973415	img__0_1683168975503823000.png
1683168970715	-2.740984	19.093874	-2.256581	0.224209	0.003372	0.018813	0.974354	img__0_1683168975548237000.png
1683168970763	-2.812534	19.121895	-2.262324	0.219618	0.003047	0.019753	0.975381	img__0_1683168975595746000.png
1683168970814	-2.888880	19.150753	-2.268265	0.214787	0.003735	0.018350	0.976481	img__0_1683168975646971000.png
1683168970862	-2.961067	19.177052	-2.274995	0.210121	0.003382	0.018777	0.977489	img__0_1683168975694463000.png
1683168970913	-3.038074	19.204130	-2.281237	0.205079	0.003038	0.019280	0.978551	img__0_1683168975746881000.png
1683168970973	-3.129067	19.234791	-2.287827	0.198972	0.003306	0.019699	0.979802	img__0_1683168975807752000.png
1683168971024	-3.206759	19.259829	-2.292744	0.193792	0.003849	0.018812	0.980855	img__0_1683168975859242000.png
1683168971072	-3.280201	19.282526	-2.298128	0.188910	0.004072	0.018167	0.981818	img__0_1683168975905823000.png
1683168971120	-3.353940	19.304440	-2.303418	0.183940	0.003640	0.019379	0.982740	img__0_1683168975954524000.png
1683168971168	-3.427977	19.325504	-2.309256	0.178951	0.004433	0.016877	0.983703	img__0_1683168976002094000.png
1683168971216	-3.502301	19.345833	-2.314468	0.174174	0.005356	0.015172	0.984584	img__0_1683168976051023000.png
1683168971282	-3.605003	19.372728	-2.320811	0.167638	0.004728	0.014575	0.985730	img__0_1683168976115855000.png
1683168971330	-3.680029	19.391556	-2.324564	0.163170	0.004212	0.011498	0.986522	img__0_1683168976165325000.png
1683168971378	-3.755306	19.409851	-2.329129	0.158945	0.003189	0.011804	0.987212	img__0_1683168976212228000.png
1683168971426	-3.830774	19.427658	-2.333665	0.154761	0.002111	0.011651	0.987881	img__0_1683168976260947000.png
1683168971477	-3.911108	19.446014	-2.337808	0.150376	0.001493	0.012584	0.988548	img__0_1683168976310133000.png
1683168971522	-3.982103	19.461679	-2.341925	0.146490	0.000821	0.012475	0.989133	img__0_1683168976356179000.png
1683168971573	-4.062653	19.478838	-2.346254	0.142155	0.000055	0.013208	0.989756	img__0_1683168976407617000.png
1683168971639	-4.166973	19.500008	-2.352652	0.136309	-0.001825	0.016214	0.990532	img__0_1683168976472873000.png
1683168971687	-4.242841	19.514540	-2.357929	0.131877	-0.001549	0.017047	0.991118	img__0_1683168976521093000.png
1683168971735	-4.318694	19.528297	-2.363151	0.127346	-0.002567	0.017267	0.991705	img__0_1683168976570080000.png
1683168971786	-4.399239	19.542038	-2.368543	0.122454	-0.003207	0.018204	0.992302	img__0_1683168976619309000.png
1683168971837	-4.479694	19.554829	-2.373839	0.117403	-0.004234	0.019581	0.992882	img__0_1683168976669661000.png
1683168971882	-4.550570	19.565252	-2.379048	0.112819	-0.005325	0.019971	0.993401	img__0_1683168976717204000.png
1683168971933	-4.630708	19.576002	-2.385925	0.107105	-0.007140	0.026028	0.993881	img__0_1683168976766652000.png
1683168972005	-4.743395	19.588888	-2.396510	0.098399	-0.007547	0.025778	0.994785	img__0_1683168976839909000.png
1683168972053	-4.818213	19.596046	-2.402454	0.092547	-0.006736	0.024347	0.995388	img__0_1683168976885882000.png
1683168972095	-4.883483	19.601393	-2.407438	0.087472	-0.006364	0.022492	0.995893	img__0_1683168976929369000.png
1683168972143	-4.957852	19.606503	-2.413467	0.081765	-0.006848	0.021017	0.996406	img__0_1683168976976808000.png
1683168972191	-5.031946	19.610577	-2.420403	0.075899	-0.007492	0.022532	0.996833	img__0_1683168977025658000.png
1683168972242	-5.110360	19.613806	-2.427177	0.069795	-0.006704	0.018372	0.997370	img__0_1683168977076177000.png
1683168972293	-5.188468	19.616077	-2.432804	0.063947	-0.006471	0.018273	0.997765	img__0_1683168977126930000.png
1683168972344	-5.266262	19.617386	-2.438769	0.057995	-0.006982	0.019126	0.998109	img__0_1683168977177649000.png
1683168972392	-5.339177	19.617722	-2.444273	0.052331	-0.006617	0.019026	0.998427	img__0_1683168977225595000.png
1683168972440	-5.411797	19.617155	-2.450363	0.046598	-0.005932	0.020453	0.998687	img__0_1683168977274371000.png
1683168972506	-5.511214	19.614798	-2.460162	0.038529	-0.004546	0.019093	0.999065	img__0_1683168977340857000.png
1683168972557	-5.587761	19.611803	-2.467073	0.031895	-0.004388	0.024444	0.999183	img__0_1683168977389989000.png
1683168972602	-5.655123	19.608175	-2.472680	0.025666	-0.003875	0.025441	0.999339	img__0_1683168977435261000.png
1683168972650	-5.726809	19.603237	-2.477962	0.019025	-0.002751	0.023133	0.999548	img__0_1683168977484441000.png
1683168972698	-5.798344	19.597206	-2.483255	0.012181	-0.003684	0.027114	0.999551	img__0_1683168977533258000.png
1683168972746	-5.869708	19.590004	-2.488256	0.005291	-0.003612	0.023813	0.999696	img__0_1683168977581723000.png
1683168972797	-5.945325	19.581146	-2.492796	-0.002191	-0.003911	0.027565	0.999610	img__0_1683168977631310000.png
1683168972866	-6.047236	19.566883	-2.499881	-0.013057	-0.004343	0.030549	0.999439	img__0_1683168977701279000.png
1683168972908	-6.109018	19.556776	-2.504956	-0.020028	-0.004213	0.032730	0.999255	img__0_1683168977742287000.png
1683168972962	-6.188149	19.542006	-2.512848	-0.029686	-0.004286	0.037235	0.998856	img__0_1683168977797420000.png
1683168973007	-6.253836	19.528130	-2.519117	-0.037980	-0.002866	0.037245	0.998580	img__0_1683168977839887000.png
1683168973058	-6.328022	19.510574	-2.526497	-0.048020	-0.003626	0.041071	0.997995	img__0_1683168977892399000.png
1683168973103	-6.393213	19.493368	-2.532809	-0.057375	-0.004248	0.044064	0.997371	img__0_1683168977937115000.png
1683168973172	-6.492512	19.463293	-2.544651	-0.073204	-0.006194	0.051390	0.995973	img__0_1683168978006513000.png
1683168973220	-6.560995	19.439507	-2.553670	-0.085039	-0.006417	0.056663	0.994744	img__0_1683168978053692000.png
1683168973271	-6.633130	19.411287	-2.565034	-0.098708	-0.007277	0.063268	0.993077	img__0_1683168978104873000.png
1683168973325	-6.708727	19.377945	-2.577426	-0.114207	-0.006053	0.065041	0.991307	img__0_1683168978159602000.png
1683168973367	-6.766994	19.349682	-2.585396	-0.126828	-0.006332	0.068562	0.989532	img__0_1683168978200562000.png
1683168973415	-6.832937	19.314617	-2.593947	-0.142171	-0.007959	0.072715	0.987136	img__0_1683168978250297000.png
1683168973460	-6.893981	19.278812	-2.602159	-0.157480	-0.010895	0.076835	0.984468	img__0_1683168978294984000.png
1683168973511	-6.962070	19.234844	-2.610184	-0.176006	-0.017129	0.082628	0.980766	img__0_1683168978344961000.png
1683168973577	-7.047747	19.172104	-2.619788	-0.201630	-0.026342	0.089220	0.975034	img__0_1683168978412267000.png
1683168973625	-7.107726	19.122046	-2.626920	-0.221357	-0.032734	0.092098	0.970282	img__0_1683168978460501000.png
1683168973676	-7.168895	19.064857	-2.633771	-0.243185	-0.039713	0.095316	0.964468	img__0_1683168978509892000.png
1683168973724	-7.223536	19.007160	-2.640154	-0.264688	-0.047581	0.097608	0.958201	img__0_1683168978558143000.png
1683168973775	-7.277930	18.941719	-2.647264	-0.288261	-0.054801	0.099528	0.950787	img__0_1683168978608094000.png
1683168973820	-7.322333	18.880487	-2.654028	-0.309708	-0.061283	0.100497	0.943518	img__0_1683168978655401000.png
1683168973868	-7.365425	18.811554	-2.662694	-0.333270	-0.069409	0.101511	0.934777	img__0_1683168978702964000.png
1683168973940	-7.421346	18.702000	-2.675554	-0.369721	-0.078102	0.100645	0.920368	img__0_1683168978775934000.png
1683168973991	-7.455871	18.621347	-2.676711	-0.395152	-0.070993	0.094768	0.910952	img__0_1683168978825516000.png
1683168974030	-7.480279	18.558559	-2.669729	-0.414074	-0.061608	0.088229	0.903860	img__0_1683168978866044000.png
1683168974081	-7.509366	18.474838	-2.653129	-0.438153	-0.051916	0.079564	0.893866	img__0_1683168978916006000.png
1683168974129	-7.533595	18.394222	-2.632878	-0.459862	-0.044858	0.072581	0.883882	img__0_1683168978962987000.png
1683168974177	-7.554698	18.311787	-2.610946	-0.480435	-0.036715	0.065090	0.873841	img__0_1683168979012742000.png
1683168974240	-7.577872	18.200838	-2.583496	-0.505581	-0.026858	0.055651	0.860564	img__0_1683168979075608000.png
1683168974288	-7.592506	18.114359	-2.564826	-0.523265	-0.018813	0.049646	0.850515	img__0_1683168979121828000.png
1683168974336	-7.604979	18.026300	-2.548401	-0.539724	-0.013036	0.045618	0.840504	img__0_1683168979170453000.png
1683168974387	-7.616303	17.931108	-2.532903	-0.556031	-0.006590	0.037360	0.830296	img__0_1683168979221291000.png
1683168974432	-7.625031	17.845898	-2.520484	-0.569053	-0.003197	0.031188	0.821703	img__0_1683168979267111000.png
1683168974483	-7.633876	17.748175	-2.507592	-0.582430	0.000298	0.025550	0.812479	img__0_1683168979316247000.png
1683168974531	-7.641454	17.655228	-2.496327	-0.593694	0.004018	0.020675	0.804415	img__0_1683168979364867000.png
1683168974597	-7.651196	17.526117	-2.481018	-0.607126	0.007668	0.012586	0.794469	img__0_1683168979430336000.png
1683168974645	-7.658104	17.431416	-2.470813	-0.615524	0.008940	0.009661	0.788008	img__0_1683168979478228000.png
1683168974690	-7.664604	17.342129	-2.461492	-0.622495	0.009700	0.006950	0.782533	img__0_1683168979525237000.png
1683168974741	-7.672102	17.240465	-2.450176	-0.629517	0.009762	0.005789	0.776904	img__0_1683168979575207000.png
1683168974789	-7.679334	17.144348	-2.439227	-0.635354	0.010379	0.004607	0.772138	img__0_1683168979622432000.png
1683168974837	-7.686788	17.047823	-2.428897	-0.640521	0.010284	0.003006	0.767866	img__0_1683168979671310000.png
1683168974906	-7.697937	16.908443	-2.414407	-0.647036	0.010261	0.003689	0.762382	img__0_1683168979741349000.png
1683168974951	-7.705473	16.817144	-2.404728	-0.650679	0.010848	0.003958	0.759265	img__0_1683168979785571000.png
1683168975008	-7.715308	16.701031	-2.391182	-0.654800	0.010553	0.005024	0.755712	img__0_1683168979842727000.png
1683168975050	-7.722736	16.615108	-2.380537	-0.657434	0.012258	0.005885	0.753389	img__0_1683168979885406000.png
1683168975098	-7.731441	16.516460	-2.368083	-0.660062	0.012088	0.005030	0.751097	img__0_1683168979932933000.png
1683168975149	-7.740964	16.411125	-2.355261	-0.662510	0.011097	0.004851	0.748955	img__0_1683168979982367000.png
1683168975194	-7.749578	16.317772	-2.344031	-0.664362	0.011010	0.004602	0.747316	img__0_1683168980029095000.png
1683168975263	-7.763146	16.173925	-2.326571	-0.666886	0.008774	0.005939	0.745085	img__0_1683168980097638000.png
1683168975314	-7.773353	16.067080	-2.313488	-0.668572	0.007999	0.005581	0.743584	img__0_1683168980148242000.png
1683168975359	-7.782438	15.972456	-2.302029	-0.669945	0.006492	0.006181	0.742356	img__0_1683168980192375000.png
1683168975410	-7.792766	15.864865	-2.288602	-0.671549	0.003914	0.007726	0.740910	img__0_1683168980243463000.png
1683168975455	-7.801797	15.769644	-2.276471	-0.673059	0.002465	0.009385	0.739525	img__0_1683168980290597000.png
1683168975503	-7.811235	15.667773	-2.263013	-0.674736	0.001424	0.010570	0.737982	img__0_1683168980337220000.png
1683168975554	-7.820951	15.559164	-2.249326	-0.676507	0.001147	0.009001	0.736380	img__0_1683168980389491000.png
1683168975617	-7.832529	15.424551	-2.234006	-0.678584	-0.000068	0.010867	0.734442	img__0_1683168980452132000.png
1683168975668	-7.841527	15.315251	-2.220529	-0.680282	-0.000436	0.010763	0.732871	img__0_1683168980502388000.png
1683168975716	-7.849638	15.212102	-2.207522	-0.681918	-0.001496	0.011866	0.731331	img__0_1683168980550384000.png
1683168975764	-7.857338	15.108670	-2.194850	-0.683544	-0.000989	0.011023	0.729825	img__0_1683168980597730000.png
1683168975812	-7.864652	15.004973	-2.182015	-0.685128	-0.000727	0.012268	0.728319	img__0_1683168980646510000.png
1683168975863	-7.871992	14.894466	-2.168251	-0.686722	0.000190	0.011121	0.726835	img__0_1683168980696899000.png
1683168975911	-7.878529	14.790143	-2.155417	-0.688142	0.000186	0.012059	0.725476	img__0_1683168980745471000.png
1683168975959	-7.884693	14.685493	-2.142481	-0.689592	-0.000371	0.013750	0.724068	img__0_1683168980794625000.png
1683168976034	-7.893497	14.521271	-2.121709	-0.691845	0.000282	0.012778	0.721933	img__0_1683168980867578000.png
1683168976082	-7.898630	14.415725	-2.107934	-0.693257	-0.000039	0.012658	0.720579	img__0_1683168980915687000.png
1683168976130	-7.903387	14.309865	-2.092754	-0.694706	-0.000695	0.012119	0.719191	img__0_1683168980964149000.png
1683168976172	-7.907220	14.216994	-2.079330	-0.695936	-0.000628	0.011365	0.718013	img__0_1683168981007082000.png
1683168976220	-7.911232	14.110579	-2.064992	-0.697240	0.000160	0.010311	0.716764	img__0_1683168981053936000.png
1683168976274	-7.915342	13.990535	-2.049618	-0.698638	-0.000129	0.009831	0.715408	img__0_1683168981108846000.png
1683168976325	-7.918846	13.876878	-2.035509	-0.699907	-0.001083	0.008904	0.714178	img__0_1683168981161063000.png
1683168976370	-7.921635	13.776423	-2.022752	-0.701058	-0.002445	0.009531	0.713036	img__0_1683168981204373000.png
1683168976430	-7.924830	13.642262	-2.006345	-0.702588	-0.002912	0.008508	0.711540	img__0_1683168981265910000.png
1683168976484	-7.927200	13.521366	-1.992902	-0.703896	-0.004011	0.006284	0.710264	img__0_1683168981318512000.png
1683168976538	-7.929161	13.400468	-1.979514	-0.705137	-0.004733	0.004307	0.709042	img__0_1683168981372752000.png
1683168976577	-7.930343	13.313210	-1.969966	-0.705981	-0.005032	0.003524	0.708204	img__0_1683168981412108000.png
1683168976625	-7.931557	13.205920	-1.957495	-0.706974	-0.005005	0.003616	0.707213	img__0_1683168981459258000.png
1683168976676	-7.932549	13.092052	-1.943601	-0.708006	-0.004914	0.004498	0.706175	img__0_1683168981510353000.png
1683168976739	-7.933320	12.951528	-1.926042	-0.709283	-0.004007	0.005428	0.704892	img__0_1683168981574188000.png
1683168976787	-7.933553	12.844502	-1.912914	-0.710235	-0.003404	0.005992	0.703931	img__0_1683168981621111000.png
1683168976841	-7.933455	12.724094	-1.898379	-0.711268	-0.002535	0.006008	0.702891	img__0_1683168981675295000.png
1683168976889	-7.933069	12.617031	-1.885656	-0.712111	-0.001963	0.005726	0.702040	img__0_1683168981722998000.png
1683168976937	-7.932439	12.509928	-1.872587	-0.712880	-0.001722	0.005306	0.701264	img__0_1683168981771208000.png
1683168976985	-7.931587	12.402786	-1.859132	-0.713589	-0.001857	0.005269	0.700542	img__0_1683168981819332000.png
1683168977036	-7.930439	12.288916	-1.844532	-0.714305	-0.001892	0.004977	0.699814	img__0_1683168981869922000.png
1683168977096	-7.928773	12.154919	-1.826891	-0.715098	-0.002161	0.004803	0.699004	img__0_1683168981932217000.png
1683168977150	-7.926983	12.034309	-1.810681	-0.715796	-0.002320	0.004740	0.698290	img__0_1683168981983846000.png
1683168977198	-7.925157	11.927101	-1.796503	-0.716370	-0.001473	0.003912	0.697709	img__0_1683168982032588000.png
1683168977246	-7.923154	11.819893	-1.782534	-0.716847	-0.000820	0.002618	0.697225	img__0_1683168982082619000.png
1683168977297	-7.920891	11.706004	-1.767488	-0.717311	-0.001391	0.003053	0.696745	img__0_1683168982132107000.png
1683168977342	-7.918773	11.605536	-1.753905	-0.717731	-0.001670	0.002995	0.696312	img__0_1683168982178651000.png
1683168977393	-7.916218	11.491708	-1.738415	-0.718215	-0.001677	0.003146	0.695812	img__0_1683168982228648000.png
1683168977441	-7.913655	11.384607	-1.723539	-0.718720	-0.002836	0.003924	0.695283	img__0_1683168982275825000.png
1683168977492	-7.910716	11.270862	-1.707144	-0.719298	-0.003076	0.003528	0.694686	img__0_1683168982327354000.png
1683168977561	-7.906363	11.117085	-1.684527	-0.720076	-0.003638	0.003346	0.693878	img__0_1683168982396216000.png
1683168977612	-7.902855	11.003537	-1.667601	-0.720668	-0.004128	0.003501	0.693259	img__0_1683168982448507000.png
1683168977657	-7.899535	10.903440	-1.652635	-0.721231	-0.004707	0.003973	0.692667	img__0_1683168982492994000.png
1683168977702	-7.895976	10.803432	-1.637724	-0.721817	-0.004984	0.004122	0.692053	img__0_1683168982537284000.png
1683168977753	-7.891636	10.690205	-1.620592	-0.722538	-0.005586	0.004541	0.691293	img__0_1683168982588204000.png
1683168977801	-7.887230	10.583753	-1.604175	-0.723233	-0.005585	0.004142	0.690569	img__0_1683168982637430000.png
1683168977864	-7.881003	10.444231	-1.582660	-0.724068	-0.004383	0.002836	0.689709	img__0_1683168982698128000.png
1683168977915	-7.875666	10.331446	-1.565510	-0.724667	-0.003897	0.002223	0.689085	img__0_1683168982749602000.png
1683168977963	-7.870449	10.225430	-1.548979	-0.725216	-0.003850	0.002124	0.688507	img__0_1683168982798555000.png
1683168978011	-7.865051	10.119545	-1.532131	-0.725783	-0.004001	0.002163	0.687908	img__0_1683168982846591000.png
1683168978059	-7.859465	10.013796	-1.514853	-0.726382	-0.004403	0.002288	0.687273	img__0_1683168982894570000.png
1683168978104	-7.854044	9.914785	-1.498158	-0.726999	-0.004868	0.002875	0.686616	img__0_1683168982940884000.png
1683168978152	-7.848032	9.809315	-1.480419	-0.727714	-0.005004	0.003025	0.685856	img__0_1683168982987773000.png
1683168978218	-7.839355	9.664524	-1.455855	-0.728719	-0.005219	0.003193	0.684786	img__0_1683168983053164000.png
1683168978266	-7.832738	9.559396	-1.437952	-0.729464	-0.005256	0.003094	0.683992	img__0_1683168983102116000.png
1683168978314	-7.825862	9.454415	-1.419876	-0.730224	-0.005707	0.003353	0.683176	img__0_1683168983150843000.png
1683168978362	-7.818712	9.349588	-1.401207	-0.731058	-0.006816	0.004246	0.682268	img__0_1683168983198900000.png
1683168978413	-7.810763	9.238389	-1.380682	-0.732026	-0.006724	0.003572	0.681234	img__0_1683168983247547000.png
1683168978461	-7.802946	9.133915	-1.361185	-0.732908	-0.006498	0.002939	0.680291	img__0_1683168983296839000.png
1683168978533	-7.790685	8.977579	-1.330662	-0.734211	-0.007392	0.001475	0.678880	img__0_1683168983367024000.png
1683168978581	-7.782181	8.873670	-1.309178	-0.735093	-0.008357	0.000737	0.677915	img__0_1683168983417623000.png
1683168978629	-7.773410	8.770075	-1.287118	-0.736054	-0.009886	-0.000168	0.676851	img__0_1683168983465984000.png
1683168978683	-7.763208	8.654000	-1.261126	-0.737296	-0.012341	-0.001734	0.675456	img__0_1683168983518937000.png
1683168978725	-7.755006	8.564170	-1.240670	-0.738415	-0.013890	-0.002509	0.674199	img__0_1683168983560247000.png
1683168978776	-7.744693	8.455720	-1.216537	-0.739860	-0.013894	-0.002185	0.672614	img__0_1683168983611096000.png
1683168978818	-7.735907	8.366920	-1.196848	-0.741087	-0.014065	-0.002721	0.671256	img__0_1683168983652406000.png
1683168978881	-7.722273	8.234607	-1.166761	-0.742962	-0.014321	-0.004027	0.669168	img__0_1683168983717621000.png
1683168978932	-7.710871	8.128321	-1.141937	-0.744483	-0.014549	-0.005331	0.667462	img__0_1683168983768741000.png
1683168978980	-7.699883	8.028999	-1.117777	-0.745945	-0.016401	-0.007099	0.665768	img__0_1683168983815753000.png
1683168979025	-7.689373	7.936582	-1.093918	-0.747435	-0.018193	-0.009224	0.664021	img__0_1683168983861877000.png
1683168979076	-7.677233	7.832808	-1.065695	-0.749228	-0.019917	-0.011974	0.661905	img__0_1683168983912751000.png
1683168979127	-7.664885	7.730234	-1.036989	-0.751092	-0.020276	-0.014100	0.659736	img__0_1683168983963064000.png
1683168979175	-7.653131	7.634897	-1.010033	-0.752807	-0.020056	-0.014976	0.657765	img__0_1683168984010034000.png
1683168979226	-7.640554	7.534926	-0.981986	-0.754592	-0.019194	-0.014611	0.655751	img__0_1683168984061256000.png
1683168979289	-7.624907	7.413252	-0.947997	-0.756728	-0.021613	-0.012656	0.653250	img__0_1683168984123302000.png
1683168979337	-7.612800	7.321889	-0.922354	-0.758533	-0.021923	-0.011976	0.651155	img__0_1683168984171571000.png
1683168979385	-7.600475	7.231666	-0.896012	-0.760402	-0.025191	-0.012931	0.648836	img__0_1683168984221708000.png
1683168979436	-7.587073	7.137150	-0.866896	-0.762583	-0.028533	-0.012155	0.646146	img__0_1683168984270449000.png
1683168979481	-7.574896	7.055005	-0.840460	-0.764713	-0.032601	-0.012985	0.643415	img__0_1683168984316879000.png
1683168979529	-7.561472	6.968779	-0.810836	-0.767275	-0.035657	-0.014136	0.640171	img__0_1683168984364899000.png
1683168979604	-7.539441	6.837253	-0.761383	-0.771873	-0.041727	-0.012803	0.634277	img__0_1683168984439133000.png
1683168979655	-7.523437	6.750418	-0.728284	-0.775325	-0.050055	-0.004256	0.629561	img__0_1683168984490996000.png
1683168979703	-7.506862	6.671047	-0.701634	-0.779898	-0.065040	0.005759	0.622492	img__0_1683168984540023000.png
1683168979754	-7.486512	6.589655	-0.679040	-0.786870	-0.075252	0.012273	0.612391	img__0_1683168984589191000.png
1683168979796	-7.467440	6.524840	-0.662339	-0.793934	-0.081211	0.014318	0.602385	img__0_1683168984632255000.png
1683168979844	-7.443150	6.453144	-0.642715	-0.803217	-0.088975	0.014099	0.588835	img__0_1683168984679937000.png
1683168979892	-7.415984	6.384336	-0.622827	-0.813515	-0.095392	0.014635	0.573481	img__0_1683168984728308000.png
1683168979943	-7.383657	6.314863	-0.602415	-0.825270	-0.103636	0.016055	0.554916	img__0_1683168984777894000.png
1683168980006	-7.338264	6.235037	-0.579587	-0.840440	-0.124524	0.013854	0.527222	img__0_1683168984843054000.png
1683168980057	-7.296839	6.176340	-0.562349	-0.852388	-0.160601	0.002621	0.497629	img__0_1683168984893834000.png
1683168980105	-7.253089	6.128839	-0.550717	-0.865134	-0.181598	-0.002453	0.467504	img__0_1683168984940157000.png
1683168980150	-7.207953	6.092148	-0.542583	-0.876402	-0.205804	-0.008900	0.435300	img__0_1683168984985263000.png
1683168980198	-7.156164	6.061312	-0.532696	-0.887594	-0.236499	-0.028809	0.394226	img__0_1683168985033935000.png
1683168980246	-7.101652	6.038774	-0.517677	-0.910071	-0.187810	-0.005014	0.369422	img__0_1683168985082066000.png
1683168980297	-7.040908	6.022675	-0.497692	-0.929076	-0.140366	0.006002	0.342168	img__0_1683168985133898000.png
1683168980363	-6.957343	6.013687	-0.478625	-0.945653	-0.101255	0.018598	0.308451	img__0_1683168985198837000.png
1683168980408	-6.897640	6.012945	-0.468762	-0.955201	-0.063641	0.024576	0.287986	img__0_1683168985243072000.png
1683168980462	-6.823488	6.015273	-0.460148	-0.962808	-0.034805	0.033673	0.265811	img__0_1683168985298238000.png
1683168980507	-6.759515	6.018746	-0.457264	-0.967505	-0.018825	0.039848	0.248982	img__0_1683168985342619000.png
1683168980555	-6.689127	6.022901	-0.457418	-0.971479	-0.003434	0.045398	0.232714	img__0_1683168985391502000.png
1683168980606	-6.611996	6.027016	-0.459642	-0.975260	0.007479	0.040678	0.217158	img__0_1683168985441826000.png
1683168980654	-6.537641	6.030185	-0.461080	-0.978157	0.013949	0.038614	0.203772	img__0_1683168985488645000.png
1683168980702	-6.461777	6.032421	-0.462047	-0.980695	0.019962	0.031695	0.191923	img__0_1683168985538662000.png
1683168980768	-6.355578	6.033712	-0.461933	-0.983567	0.022036	0.023863	0.177597	img__0_1683168985603646000.png
1683168980813	-6.282173	6.033312	-0.462174	-0.985159	0.022529	0.020504	0.168921	img__0_1683168985650225000.png
1683168980864	-6.198229	6.031633	-0.462336	-0.986676	0.023355	0.016696	0.160143	img__0_1683168985700127000.png
1683168980912	-6.118660	6.028856	-0.462456	-0.987852	0.024347	0.012977	0.152932	img__0_1683168985747854000.png
1683168980960	-6.038705	6.024915	-0.462732	-0.988948	0.021843	0.009314	0.146350	img__0_1683168985796418000.png
1683168981008	-5.958500	6.019913	-0.463675	-0.989902	0.019572	0.005863	0.140274	img__0_1683168985843974000.png
1683168981074	-5.848050	6.011540	-0.465686	-0.991061	0.015228	0.002602	0.132514	img__0_1683168985909614000.png
1683168981125	-5.762702	6.004128	-0.467104	-0.991855	0.012465	0.001163	0.126755	img__0_1683168985961055000.png
1683168981173	-5.682433	5.996579	-0.468212	-0.992534	0.010111	0.000473	0.121548	img__0_1683168986009516000.png
1683168981221	-5.602237	5.988581	-0.469105	-0.993165	0.007246	-0.000391	0.116491	img__0_1683168986058553000.png
1683168981269	-5.522135	5.980250	-0.470315	-0.993760	0.004047	-0.001364	0.111457	img__0_1683168986103625000.png
1683168981314	-5.447151	5.972274	-0.471830	-0.994290	0.001031	-0.001995	0.106689	img__0_1683168986151428000.png
1683168981368	-5.357327	5.962665	-0.473612	-0.994889	-0.001071	-0.002620	0.100938	img__0_1683168986203806000.png
1683168981431	-5.252778	5.951569	-0.475996	-0.995529	-0.002968	-0.003655	0.094338	img__0_1683168986267609000.png
1683168981479	-5.173324	5.943289	-0.477414	-0.995987	-0.006188	-0.002267	0.089262	img__0_1683168986315329000.png
1683168981530	-5.089048	5.934785	-0.478127	-0.996452	-0.007608	-0.002752	0.083774	img__0_1683168986365493000.png
1683168981578	-5.009861	5.927140	-0.478498	-0.996865	-0.008868	-0.002134	0.078593	img__0_1683168986413290000.png
1683168981626	-4.930781	5.919906	-0.478825	-0.997251	-0.010322	-0.001341	0.073370	img__0_1683168986463629000.png
1683168981677	-4.846840	5.912731	-0.479235	-0.997648	-0.009612	-0.001564	0.067843	img__0_1683168986511818000.png
1683168981725	-4.767918	5.906449	-0.479919	-0.997983	-0.008912	-0.002536	0.062805	img__0_1683168986561445000.png
1683168981773	-4.689115	5.900592	-0.480629	-0.998277	-0.009199	-0.002581	0.057897	img__0_1683168986609424000.png
1683168981845	-4.571161	5.892613	-0.481371	-0.998663	-0.010203	-0.003091	0.050575	img__0_1683168986680351000.png
1683168981887	-4.502513	5.888446	-0.481930	-0.998861	-0.010487	-0.004369	0.046332	img__0_1683168986722992000.png
1683168981941	-4.414491	5.883639	-0.482620	-0.999085	-0.011635	-0.005054	0.040838	img__0_1683168986777541000.png
1683168981989	-4.336497	5.879941	-0.483195	-0.999260	-0.013339	-0.003855	0.035880	img__0_1683168986826153000.png
1683168982034	-4.263558	5.877030	-0.483873	-0.999408	-0.014258	-0.003092	0.031143	img__0_1683168986869693000.png
1683168982085	-4.181060	5.874420	-0.484664	-0.999557	-0.014884	-0.001730	0.025717	img__0_1683168986920394000.png
1683168982130	-4.108366	5.872748	-0.485137	-0.999636	-0.017189	0.000042	0.020802	img__0_1683168986965446000.png
1683168982205	-3.987243	5.871462	-0.485388	-0.999736	-0.019326	0.001841	0.012265	img__0_1683168987041291000.png
1683168982256	-3.904820	5.871769	-0.485168	-0.999757	-0.020909	0.002995	0.006227	img__0_1683168987091340000.png
1683168982307	-3.822284	5.873139	-0.484950	-0.999746	-0.022118	0.004278	0.000042	img__0_1683168987142848000.png
1683168982358	-3.739579	5.875626	-0.484534	-0.999716	-0.022490	0.004722	-0.006263	img__0_1683168987195231000.png
1683168982403	-3.666448	5.878777	-0.484256	-0.999671	-0.022236	0.004862	-0.011843	img__0_1683168987240153000.png
1683168982451	-3.588280	5.883103	-0.483722	-0.999584	-0.022072	0.005397	-0.017765	img__0_1683168987287778000.png
1683168982493	-3.519730	5.887719	-0.483402	-0.999476	-0.022083	0.005790	-0.022950	img__0_1683168987328766000.png
1683168982544	-3.436285	5.894354	-0.483018	-0.999321	-0.021580	0.006294	-0.029201	img__0_1683168987379753000.png
1683168982607	-3.332874	5.904068	-0.482249	-0.999072	-0.021317	0.006562	-0.036857	img__0_1683168987444550000.png
1683168982658	-3.248881	5.913168	-0.481938	-0.998857	-0.020028	0.006250	-0.042954	img__0_1683168987493035000.png
1683168982703	-3.174567	5.922101	-0.482582	-0.998637	-0.019298	0.005584	-0.048184	img__0_1683168987539217000.png
1683168982751	-3.095128	5.932501	-0.483808	-0.998360	-0.019288	0.005109	-0.053661	img__0_1683168987587252000.png
1683168982802	-3.010569	5.944506	-0.485015	-0.998053	-0.018455	0.004302	-0.059417	img__0_1683168987637874000.png
1683168982850	-2.930869	5.956698	-0.486670	-0.997743	-0.017670	0.002995	-0.064709	img__0_1683168987686825000.png
1683168982910	-2.831183	5.973080	-0.489095	-0.997302	-0.017727	0.002731	-0.071188	img__0_1683168987745816000.png
1683168982958	-2.751415	5.987074	-0.490693	-0.996887	-0.019252	0.003680	-0.076374	img__0_1683168987795718000.png
1683168983006	-2.671592	6.001921	-0.492002	-0.996447	-0.020149	0.005250	-0.081610	img__0_1683168987843760000.png
1683168983060	-2.581653	6.019739	-0.494016	-0.995944	-0.020220	0.005883	-0.087479	img__0_1683168987895684000.png
1683168983105	-2.506564	6.035494	-0.496044	-0.995523	-0.019593	0.006024	-0.092274	img__0_1683168987940738000.png
1683168983156	-2.421313	6.054286	-0.497643	-0.995008	-0.019676	0.006266	-0.097636	img__0_1683168987991362000.png
1683168983201	-2.345956	6.071701	-0.498782	-0.994544	-0.019516	0.005246	-0.102341	img__0_1683168988038482000.png
1683168983279	-2.215108	6.103766	-0.500628	-0.993648	-0.020648	0.005555	-0.110484	img__0_1683168988114588000.png
1683168983330	-2.129406	6.126070	-0.501726	-0.993034	-0.020845	0.004868	-0.115867	img__0_1683168988165832000.png
1683168983375	-2.053721	6.146645	-0.502778	-0.992471	-0.020686	0.003683	-0.120662	img__0_1683168988212043000.png
1683168983423	-1.972981	6.169499	-0.503872	-0.991853	-0.019877	0.002643	-0.125803	img__0_1683168988260052000.png
1683168983471	-1.892276	6.193250	-0.504992	-0.991223	-0.018670	0.001696	-0.130868	img__0_1683168988307286000.png
1683168983516	-1.816684	6.216272	-0.505805	-0.990580	-0.018812	0.000717	-0.135638	img__0_1683168988351704000.png
1683168983564	-1.736173	6.241628	-0.506331	-0.989857	-0.019081	0.000205	-0.140781	img__0_1683168988401634000.png
1683168983627	-1.630756	6.276201	-0.507266	-0.988836	-0.019718	-0.001384	-0.147693	img__0_1683168988464212000.png
1683168983678	-1.545714	6.305281	-0.508261	-0.987958	-0.020046	-0.002829	-0.153394	img__0_1683168988514746000.png
1683168983726	-1.465987	6.333549	-0.509473	-0.987080	-0.020569	-0.003825	-0.158856	img__0_1683168988562802000.png
1683168983774	-1.386615	6.362679	-0.510359	-0.986140	-0.021643	-0.004063	-0.164447	img__0_1683168988610591000.png
1683168983822	-1.307625	6.392721	-0.511184	-0.985145	-0.022495	-0.004172	-0.170193	img__0_1683168988657805000.png
1683168983870	-1.229042	6.423728	-0.512254	-0.984101	-0.022739	-0.004894	-0.176080	img__0_1683168988705762000.png
1683168983933	-1.126600	6.465896	-0.514344	-0.982667	-0.022050	-0.006410	-0.183952	img__0_1683168988769866000.png
1683168983981	-1.049139	6.499089	-0.516127	-0.981517	-0.021708	-0.007223	-0.190002	img__0_1683168988816594000.png
1683168984029	-0.972215	6.533151	-0.517532	-0.980319	-0.020804	-0.008624	-0.196131	img__0_1683168988866559000.png
1683168984080	-0.891118	6.570210	-0.517855	-0.978969	-0.019929	-0.010755	-0.202749	img__0_1683168988917261000.png
1683168984125	-0.820204	6.603625	-0.517961	-0.977708	-0.018685	-0.013191	-0.208719	img__0_1683168988962871000.png
1683168984173	-0.745368	6.639964	-0.519023	-0.976274	-0.016967	-0.016648	-0.215232	img__0_1683168989011092000.png
1683168984230	-0.657744	6.683873	-0.520964	-0.974453	-0.014905	-0.021050	-0.223106	img__0_1683168989065336000.png
1683168984287	-0.571647	6.728390	-0.522279	-0.972493	-0.014237	-0.024975	-0.231151	img__0_1683168989123807000.png
1683168984335	-0.500520	6.766255	-0.523110	-0.970676	-0.013439	-0.029937	-0.238140	img__0_1683168989173188000.png
1683168984389	-0.422207	6.809147	-0.523112	-0.968550	-0.012370	-0.034574	-0.246095	img__0_1683168989225779000.png
1683168984437	-0.354220	6.847419	-0.521099	-0.966644	-0.012320	-0.037059	-0.253128	img__0_1683168989273075000.png
1683168984482	-0.292088	6.883384	-0.518954	-0.964799	-0.013326	-0.038404	-0.259829	img__0_1683168989319895000.png
1683168984530	-0.227639	6.921858	-0.516941	-0.962773	-0.017428	-0.038053	-0.267050	img__0_1683168989367994000.png
1683168984596	-0.234326	6.942772	-0.516200	-0.959909	-0.031253	-0.026267	-0.277324	img__0_1683168989432441000.png
1683168984641	-0.240364	6.971995	-0.517299	-0.957423	-0.037825	-0.006630	-0.286122	img__0_1683168989479113000.png
1683168984692	-0.248222	7.007078	-0.524407	-0.954131	-0.036845	0.013324	-0.296816	img__0_1683168989528058000.png
1683168984740	-0.255747	7.042167	-0.533816	-0.948967	-0.058410	-0.004708	-0.309884	img__0_1683168989577698000.png
1683168984791	-0.264787	7.082652	-0.549848	-0.943438	-0.066318	-0.001220	-0.324847	img__0_1683168989626726000.png
1683168984839	-0.274786	7.124471	-0.571893	-0.937540	-0.070045	-0.000280	-0.340753	img__0_1683168989674804000.png
1683168984887	-0.286110	7.169686	-0.596992	-0.930230	-0.075150	-0.009803	-0.359066	img__0_1683168989723445000.png
1683168984959	-0.305524	7.242345	-0.628865	-0.919746	-0.063937	-0.003389	-0.387256	img__0_1683168989796796000.png
1683168985007	-0.319656	7.293212	-0.642384	-0.912934	-0.047885	0.006064	-0.405244	img__0_1683168989845457000.png
1683168985055	-0.334211	7.345491	-0.648592	-0.906393	-0.027210	0.017142	-0.421209	img__0_1683168989892135000.png
1683168985106	-0.349499	7.402242	-0.649801	-0.899821	-0.001989	0.023269	-0.435634	img__0_1683168989943174000.png
1683168985151	-0.362279	7.452779	-0.648355	-0.894362	0.021965	0.021884	-0.446268	img__0_1683168989987865000.png
1683168985196	-0.373968	7.502973	-0.645457	-0.889266	0.043778	0.023841	-0.454665	img__0_1683168990032637000.png
1683168985268	-0.389375	7.580824	-0.637850	-0.882736	0.076474	0.021663	-0.463099	img__0_1683168990104142000.png
1683168985313	-0.396181	7.626595	-0.633617	-0.880183	0.094020	0.017552	-0.464897	img__0_1683168990149281000.png
1683168985355	-0.400612	7.669744	-0.627214	-0.879504	0.098443	0.011619	-0.465452	img__0_1683168990193512000.png
1683168985412	-0.404492	7.718547	-0.611448	-0.879327	0.094821	-0.000509	-0.466683	img__0_1683168990247694000.png
1683168985454	-0.405699	7.753480	-0.597246	-0.878759	0.091444	-0.008637	-0.468344	img__0_1683168990289892000.png
1683168985502	-0.405568	7.789864	-0.580568	-0.877848	0.084981	-0.012158	-0.471183	img__0_1683168990340136000.png
1683168985556	-0.403984	7.826819	-0.559176	-0.876671	0.074573	-0.018297	-0.474923	img__0_1683168990391682000.png
1683168985616	-0.401089	7.863590	-0.530556	-0.875015	0.067486	-0.019308	-0.478979	img__0_1683168990453570000.png
1683168985667	-0.397769	7.890968	-0.506649	-0.875044	0.059513	-0.015160	-0.480131	img__0_1683168990503606000.png
1683168985712	-0.394044	7.911951	-0.490285	-0.876355	0.053389	-0.009301	-0.478607	img__0_1683168990548279000.png
1683168985760	-0.389280	7.931974	-0.473614	-0.879051	0.049157	-0.002636	-0.474179	img__0_1683168990598573000.png
1683168985814	-0.382713	7.951906	-0.456730	-0.883558	0.048173	0.005013	-0.465811	img__0_1683168990651064000.png
1683168985862	-0.375448	7.967397	-0.445101	-0.888969	0.049528	0.011622	-0.455132	img__0_1683168990698540000.png
1683168985907	-0.367208	7.980191	-0.435909	-0.895246	0.049614	0.016530	-0.442493	img__0_1683168990743751000.png
1683168985961	-0.355273	7.993470	-0.426296	-0.903785	0.049510	0.021456	-0.424571	img__0_1683168990797769000.png
1683168986021	-0.338968	8.005517	-0.419933	-0.914293	0.043317	0.020379	-0.402216	img__0_1683168990858599000.png
1683168986072	-0.322796	8.013756	-0.417390	-0.923014	0.041320	0.017997	-0.382117	img__0_1683168990908121000.png
1683168986123	-0.304960	8.020408	-0.414802	-0.931849	0.039635	0.013505	-0.360423	img__0_1683168990959945000.png
1683168986168	-0.288108	8.024969	-0.411705	-0.939637	0.037187	0.008093	-0.340050	img__0_1683168991006669000.png
1683168986219	-0.268041	8.028625	-0.407423	-0.947690	0.038554	0.000879	-0.316853	img__0_1683168991055084000.png
1683168986264	-0.249980	8.030961	-0.395138	-0.953737	0.042451	-0.008901	-0.297497	img__0_1683168991099890000.png
1683168986327	-0.224540	8.031949	-0.370085	-0.960766	0.050885	-0.009334	-0.272493	img__0_1683168991165179000.png
1683168986381	-0.202471	8.029026	-0.355038	-0.966795	0.043982	0.000166	-0.251739	img__0_1683168991216935000.png
1683168986426	-0.183578	8.024389	-0.344949	-0.970976	0.028833	0.006955	-0.237331	img__0_1683168991264047000.png
1683168986471	-0.164198	8.018768	-0.332507	-0.973924	0.025955	0.011754	-0.225079	img__0_1683168991308347000.png
1683168986525	-0.139978	8.010752	-0.319546	-0.976803	0.027723	0.017423	-0.211623	img__0_1683168991361035000.png
1683168986573	-0.117098	8.002159	-0.314895	-0.979057	0.024206	0.018019	-0.201337	img__0_1683168991410142000.png
1683168986621	-0.092979	7.992444	-0.314615	-0.980848	0.015703	0.017054	-0.193388	img__0_1683168991457095000.png
1683168986669	-0.067822	7.982053	-0.318023	-0.982035	-0.000805	0.015104	-0.188093	img__0_1683168991507403000.png
1683168986726	-0.036962	7.969941	-0.325565	-0.981970	-0.032051	0.017446	-0.185482	img__0_1683168991564420000.png
1683168986783	-0.005260	7.960334	-0.339596	-0.979748	-0.068789	0.008414	-0.187862	img__0_1683168991621373000.png
1683168986831	0.021310	7.956331	-0.357653	-0.976867	-0.091486	-0.001114	-0.193285	img__0_1683168991667647000.png
1683168986882	0.048242	7.957468	-0.382058	-0.969638	-0.125631	-0.041694	-0.205623	img__0_1683168991718042000.png
1683168986927	0.069074	7.964042	-0.406909	-0.965401	-0.136924	-0.047443	-0.216801	img__0_1683168991764001000.png
1683168986981	0.088769	7.980245	-0.443027	-0.956424	-0.158257	-0.069956	-0.235189	img__0_1683168991818719000.png
1683168987050	0.102786	8.015526	-0.498845	-0.944592	-0.172541	-0.089783	-0.264414	img__0_1683168991887495000.png
1683168987095	0.103984	8.047260	-0.539373	-0.933464	-0.182056	-0.110673	-0.288535	img__0_1683168991930963000.png
1683168987140	0.105135	8.037669	-0.528817	-0.921513	-0.192187	-0.135251	-0.309169	img__0_1683168991977075000.png
1683168987194	0.114769	8.032631	-0.539550	-0.907438	-0.204398	-0.146585	-0.336588	img__0_1683168992032962000.png
1683168987239	0.112068	8.035733	-0.549164	-0.895316	-0.208155	-0.157409	-0.360976	img__0_1683168992075577000.png
1683168987293	0.112447	8.035111	-0.550440	-0.889526	-0.200630	-0.136975	-0.386949	img__0_1683168992129149000.png
1683168987335	0.112079	8.033166	-0.554123	-0.879973	-0.200950	-0.135520	-0.408534	img__0_1683168992173342000.png
1683168987401	0.112785	8.029981	-0.553128	-0.857411	-0.204625	-0.159188	-0.444560	img__0_1683168992238043000.png
1683168987449	0.117459	8.025645	-0.550703	-0.839927	-0.204277	-0.175121	-0.471302	img__0_1683168992285844000.png
1683168987497	0.125547	8.025644	-0.550988	-0.820603	-0.202355	-0.189427	-0.499780	img__0_1683168992335284000.png
1683168987545	0.120185	8.030545	-0.553402	-0.802153	-0.198846	-0.201632	-0.525695	img__0_1683168992381658000.png
1683168987593	0.133255	8.031216	-0.553552	-0.783802	-0.192349	-0.214986	-0.549943	img__0_1683168992429693000.png
1683168987644	0.146306	8.031803	-0.553785	-0.762622	-0.182183	-0.230796	-0.576152	img__0_1683168992482260000.png
1683168987692	0.154205	8.035285	-0.555119	-0.740885	-0.170665	-0.245842	-0.601269	img__0_1683168992528572000.png
1683168987767	0.157992	8.038587	-0.558691	-0.717826	-0.158293	-0.228467	-0.638335	img__0_1683168992603589000.png
1683168987809	0.158429	8.037240	-0.557144	-0.708379	-0.152744	-0.217307	-0.653947	img__0_1683168992647751000.png
1683168987854	0.158954	8.037078	-0.556903	-0.699196	-0.145848	-0.206231	-0.668822	img__0_1683168992692013000.png
1683168987908	0.156982	8.036493	-0.556994	-0.688885	-0.137507	-0.194028	-0.684750	img__0_1683168992744698000.png
1683168987950	0.146800	8.033541	-0.558417	-0.682273	-0.129831	-0.175986	-0.697622	img__0_1683168992787817000.png
1683168988001	0.114737	8.025868	-0.565529	-0.669960	-0.117432	-0.157069	-0.716026	img__0_1683168992838691000.png
1683168988064	0.057863	8.013513	-0.581469	-0.655067	-0.109725	-0.114769	-0.738699	img__0_1683168992900714000.png
1683168988115	0.001743	8.002369	-0.595317	-0.628392	-0.098527	-0.147236	-0.757455	img__0_1683168992951436000.png
1683168988163	-0.058321	7.990056	-0.606116	-0.605336	-0.089823	-0.149333	-0.776660	img__0_1683168993001968000.png
1683168988211	-0.125437	7.975059	-0.614831	-0.585464	-0.090245	-0.131150	-0.794913	img__0_1683168993047262000.png
1683168988259	-0.197707	7.958332	-0.617445	-0.567830	-0.089073	-0.091590	-0.813170	img__0_1683168993096709000.png
1683168988307	-0.273647	7.940826	-0.611704	-0.547333	-0.083368	-0.070617	-0.829753	img__0_1683168993145450000.png
1683168988358	-0.358888	7.921808	-0.601928	-0.528290	-0.078707	-0.026116	-0.845005	img__0_1683168993195434000.png
1683168988406	-0.443540	7.904799	-0.596128	-0.508595	-0.072873	-0.011582	-0.857838	img__0_1683168993242462000.png
1683168988451	-0.526647	7.890402	-0.597466	-0.491650	-0.064915	0.012396	-0.868281	img__0_1683168993290088000.png
1683168988529	-0.676044	7.870388	-0.608620	-0.465573	-0.046897	0.046957	-0.882518	img__0_1683168993366282000.png
1683168988577	-0.769598	7.862097	-0.619118	-0.452543	-0.034613	0.065997	-0.888623	img__0_1683168993414192000.png
1683168988625	-0.863206	7.857513	-0.631814	-0.441684	-0.023528	0.079852	-0.893300	img__0_1683168993462701000.png
1683168988667	-0.944545	7.856861	-0.644793	-0.433870	-0.014657	0.087709	-0.896577	img__0_1683168993505207000.png
1683168988718	-1.042029	7.860382	-0.662317	-0.426100	-0.006569	0.091884	-0.899974	img__0_1683168993554910000.png
1683168988763	-1.126635	7.867119	-0.677537	-0.420685	-0.000048	0.092038	-0.902526	img__0_1683168993601679000.png
1683168988811	-1.215101	7.878068	-0.694095	-0.416192	0.006104	0.091945	-0.904595	img__0_1683168993650080000.png
1683168988877	-1.333498	7.898941	-0.715835	-0.411693	0.012365	0.086142	-0.907158	img__0_1683168993714459000.png
1683168988925	-1.417120	7.918015	-0.730795	-0.409200	0.015492	0.081946	-0.908626	img__0_1683168993763213000.png
1683168988973	-1.498651	7.940039	-0.744546	-0.407308	0.017669	0.076059	-0.909947	img__0_1683168993810623000.png
1683168989024	-1.582907	7.966521	-0.758846	-0.405669	0.019695	0.070299	-0.911100	img__0_1683168993862587000.png
1683168989072	-1.660142	7.993898	-0.770652	-0.404426	0.020448	0.064370	-0.912073	img__0_1683168993911207000.png
1683168989120	-1.735352	8.023520	-0.781885	-0.403350	0.021321	0.058075	-0.912952	img__0_1683168993959379000.png
1683168989168	-1.808705	8.055034	-0.791649	-0.402320	0.021725	0.051932	-0.913767	img__0_1683168994005014000.png
1683168989231	-1.902170	8.098989	-0.803984	-0.400936	0.020970	0.045818	-0.914719	img__0_1683168994070388000.png
1683168989279	-1.971376	8.134225	-0.813148	-0.399963	0.019698	0.041308	-0.915388	img__0_1683168994117702000.png
1683168989330	-2.043242	8.173052	-0.821534	-0.398988	0.019185	0.036139	-0.916043	img__0_1683168994167050000.png
1683168989378	-2.109454	8.210703	-0.827785	-0.398081	0.018434	0.033668	-0.916547	img__0_1683168994216257000.png
1683168989429	-2.178284	8.251840	-0.834234	-0.397274	0.016831	0.030203	-0.917049	img__0_1683168994267019000.png
1683168989477	-2.241741	8.291528	-0.840310	-0.396568	0.015073	0.027962	-0.917456	img__0_1683168994314672000.png
1683168989525	-2.304053	8.332077	-0.846022	-0.395987	0.013515	0.026710	-0.917768	img__0_1683168994363778000.png
1683168989594	-2.391760	8.391882	-0.854825	-0.395408	0.009964	0.025615	-0.918094	img__0_1683168994433319000.png
1683168989639	-2.447947	8.431828	-0.860113	-0.395175	0.008226	0.024437	-0.918244	img__0_1683168994476332000.png
1683168989696	-2.518112	8.483477	-0.866490	-0.395090	0.006737	0.023145	-0.918326	img__0_1683168994533957000.png
1683168989738	-2.569167	8.522259	-0.870751	-0.395136	0.005862	0.021852	-0.918344	img__0_1683168994576698000.png
1683168989783	-2.623313	8.564473	-0.875121	-0.395295	0.004644	0.021358	-0.918294	img__0_1683168994621054000.png
1683168989831	-2.680506	8.610220	-0.878997	-0.395570	0.004166	0.019240	-0.918225	img__0_1683168994670445000.png
1683168989894	-2.754767	8.671311	-0.883565	-0.396019	0.003194	0.017935	-0.918062	img__0_1683168994732499000.png
