TimeStamp	POS_X	POS_Y	POS_Z	Q_W	Q_X	Q_Y	Q_Z	ImageFile
1683166723869	-6.902701	1.951783	-1.275025	0.697953	-0.036739	-0.024522	-0.714781	img__0_1683166752951178000.png
1683166723917	-6.900740	1.879330	-1.295602	0.692512	-0.033808	-0.018047	-0.720387	img__0_1683166752999745000.png
1683166723983	-6.898984	1.776736	-1.328176	0.685688	-0.029991	-0.014181	-0.727139	img__0_1683166753064126000.png
1683166724028	-6.898434	1.705086	-1.353049	0.681540	-0.027165	-0.010359	-0.731203	img__0_1683166753111512000.png
1683166724076	-6.898439	1.627495	-1.380716	0.677426	-0.023383	-0.004432	-0.735206	img__0_1683166753158913000.png
1683166724127	-6.899201	1.544059	-1.412151	0.673477	-0.018950	0.001641	-0.738964	img__0_1683166753208183000.png
1683166724172	-6.900574	1.469919	-1.442058	0.670382	-0.011995	0.010197	-0.741849	img__0_1683166753255305000.png
1683166724223	-6.902845	1.385886	-1.475117	0.667423	-0.005104	0.016293	-0.744483	img__0_1683166753306133000.png
1683166724274	-6.905844	1.302309	-1.507672	0.664926	0.001374	0.022069	-0.746582	img__0_1683166753355121000.png
1683166724340	-6.910755	1.195572	-1.550115	0.662332	0.009125	0.028637	-0.748607	img__0_1683166753422135000.png
1683166724391	-6.915266	1.114662	-1.582883	0.660955	0.013567	0.030214	-0.749694	img__0_1683166753472770000.png
1683166724436	-6.919648	1.044553	-1.610388	0.660150	0.016227	0.033447	-0.750214	img__0_1683166753518820000.png
1683166724484	-6.924740	0.971314	-1.639177	0.659523	0.014912	0.036339	-0.750657	img__0_1683166753566657000.png
1683166724532	-6.930301	0.899620	-1.665572	0.658973	0.016896	0.035389	-0.751143	img__0_1683166753615384000.png
1683166724580	-6.936295	0.829477	-1.689441	0.658813	0.018373	0.034500	-0.751291	img__0_1683166753662812000.png
1683166724652	-6.945946	0.727465	-1.723360	0.659419	0.028271	0.036213	-0.750371	img__0_1683166753735048000.png
1683166724700	-6.952586	0.662256	-1.748499	0.660416	0.038725	0.039284	-0.748871	img__0_1683166753781474000.png
1683166724745	-6.958693	0.603631	-1.774234	0.662136	0.044285	0.040104	-0.746998	img__0_1683166753825973000.png
1683166724799	-6.965632	0.536822	-1.808417	0.664727	0.049589	0.039897	-0.744370	img__0_1683166753881347000.png
1683166724844	-6.970968	0.483984	-1.837474	0.667897	0.051329	0.031037	-0.741832	img__0_1683166753925792000.png
1683166724892	-6.976006	0.429792	-1.865433	0.672461	0.044550	0.014677	-0.738645	img__0_1683166753972859000.png
1683166724937	-6.979988	0.380378	-1.887499	0.677074	0.036246	0.002031	-0.735019	img__0_1683166754020370000.png
1683166724988	-6.983775	0.325210	-1.903195	0.682378	0.026138	-0.008701	-0.730480	img__0_1683166754070809000.png
1683166725054	-6.987436	0.254284	-1.910250	0.689024	0.012684	-0.024305	-0.724220	img__0_1683166754136924000.png
1683166725102	-6.988894	0.202397	-1.911785	0.693911	0.006904	-0.032653	-0.719287	img__0_1683166754184149000.png
1683166725153	-6.989115	0.146404	-1.912922	0.699316	0.002481	-0.037776	-0.713810	img__0_1683166754235051000.png
1683166725198	-6.988102	0.095964	-1.914001	0.704141	-0.000550	-0.044377	-0.708671	img__0_1683166754281724000.png
1683166725246	-6.985714	0.040835	-1.914668	0.709455	-0.003815	-0.050173	-0.702952	img__0_1683166754329415000.png
1683166725294	-6.981813	-0.016009	-1.915732	0.714884	-0.007007	-0.055762	-0.696981	img__0_1683166754376321000.png
1683166725357	-6.974282	-0.093610	-1.917276	0.722289	-0.010190	-0.058120	-0.689069	img__0_1683166754439726000.png
1683166725411	-6.965652	-0.163015	-1.918347	0.728702	-0.011725	-0.059763	-0.682117	img__0_1683166754493530000.png
1683166725459	-6.956316	-0.226988	-1.918497	0.734328	-0.013433	-0.062871	-0.675743	img__0_1683166754541003000.png
1683166725510	-6.944612	-0.297451	-1.918000	0.740444	-0.014374	-0.061949	-0.669103	img__0_1683166754591506000.png
1683166725555	-6.932696	-0.361883	-1.918056	0.745642	-0.015815	-0.062812	-0.663191	img__0_1683166754637930000.png
1683166725609	-6.916454	-0.441995	-1.918306	0.751960	-0.014819	-0.063259	-0.655999	img__0_1683166754690956000.png
1683166725651	-6.902294	-0.506443	-1.919002	0.756507	-0.017712	-0.064279	-0.650578	img__0_1683166754733787000.png
1683166725705	-6.881995	-0.592400	-1.922702	0.762008	-0.021677	-0.063850	-0.644048	img__0_1683166754786537000.png
1683166725771	-6.854328	-0.702047	-1.928633	0.768396	-0.023363	-0.063663	-0.636372	img__0_1683166754854805000.png
1683166725813	-6.835122	-0.774504	-1.933329	0.772182	-0.024247	-0.062531	-0.631852	img__0_1683166754895945000.png
1683166725867	-6.808765	-0.870559	-1.939074	0.776771	-0.025026	-0.060921	-0.626330	img__0_1683166754948917000.png
1683166725921	-6.780470	-0.970109	-1.946760	0.780838	-0.026735	-0.059882	-0.621282	img__0_1683166755003057000.png
1683166725963	-6.757250	-1.049839	-1.952984	0.783890	-0.026175	-0.058855	-0.617550	img__0_1683166755044140000.png
1683166726017	-6.725900	-1.155133	-1.960478	0.787704	-0.024443	-0.056888	-0.612934	img__0_1683166755100349000.png
1683166726062	-6.698568	-1.245045	-1.965209	0.790727	-0.022960	-0.053874	-0.609362	img__0_1683166755143740000.png
1683166726125	-6.658437	-1.374198	-1.971388	0.794589	-0.021065	-0.049971	-0.604721	img__0_1683166755206474000.png
1683166726173	-6.626456	-1.475016	-1.976063	0.797339	-0.019180	-0.046769	-0.601411	img__0_1683166755254357000.png
1683166726224	-6.591218	-1.584225	-1.981010	0.800105	-0.016941	-0.042094	-0.598141	img__0_1683166755307835000.png
1683166726272	-6.557006	-1.688682	-1.984575	0.802633	-0.012397	-0.037841	-0.595143	img__0_1683166755354636000.png
1683166726320	-6.521856	-1.794457	-1.986533	0.804984	-0.009646	-0.034768	-0.592199	img__0_1683166755403953000.png
1683166726368	-6.485729	-1.901433	-1.988296	0.807222	-0.007016	-0.031865	-0.589345	img__0_1683166755450358000.png
1683166726416	-6.448608	-2.009501	-1.991027	0.809292	-0.006426	-0.028788	-0.586666	img__0_1683166755498861000.png
1683166726482	-6.396050	-2.159711	-1.997763	0.811784	-0.006068	-0.024754	-0.583401	img__0_1683166755563873000.png
1683166726530	-6.356892	-2.269971	-2.004135	0.813386	-0.004805	-0.021081	-0.581322	img__0_1683166755612275000.png
1683166726578	-6.317143	-2.380836	-2.009056	0.814911	-0.001696	-0.017032	-0.579333	img__0_1683166755660513000.png
1683166726626	-6.276867	-2.492109	-2.012912	0.816352	0.001163	-0.012429	-0.577419	img__0_1683166755710309000.png
1683166726674	-6.236144	-2.603577	-2.016590	0.817718	0.004810	-0.004695	-0.575579	img__0_1683166755757772000.png
1683166726722	-6.195127	-2.714928	-2.020889	0.818972	0.008384	0.001758	-0.573770	img__0_1683166755806209000.png
1683166726776	-6.148825	-2.839662	-2.026425	0.820331	0.013098	0.008804	-0.571672	img__0_1683166755857497000.png
1683166726824	-6.107669	-2.949714	-2.031689	0.821561	0.016878	0.013654	-0.569707	img__0_1683166755907022000.png
1683166726896	-6.046145	-3.112718	-2.040835	0.823518	0.020716	0.018471	-0.566611	img__0_1683166755979357000.png
1683166726935	-6.012986	-3.199781	-2.046333	0.824632	0.021991	0.019904	-0.564891	img__0_1683166756018926000.png
1683166726995	-5.962245	-3.331894	-2.055032	0.826394	0.023101	0.020809	-0.562233	img__0_1683166756076381000.png
1683166727034	-5.929454	-3.416510	-2.061249	0.827571	0.023797	0.020879	-0.560468	img__0_1683166756116903000.png
1683166727082	-5.889290	-3.519228	-2.070016	0.829072	0.024238	0.020381	-0.558244	img__0_1683166756163751000.png
1683166727130	-5.849317	-3.620391	-2.079702	0.830620	0.024329	0.019549	-0.555965	img__0_1683166756213800000.png
1683166727196	-5.794597	-3.757042	-2.093510	0.832792	0.025312	0.018467	-0.552698	img__0_1683166756279480000.png
1683166727247	-5.752443	-3.860732	-2.103918	0.834540	0.025751	0.017606	-0.550063	img__0_1683166756329594000.png
1683166727295	-5.712826	-3.956804	-2.113651	0.836231	0.025535	0.016842	-0.547523	img__0_1683166756377757000.png
1683166727346	-5.670766	-4.057307	-2.123686	0.838030	0.026138	0.016362	-0.544752	img__0_1683166756428699000.png
1683166727394	-5.631190	-4.150401	-2.133136	0.839776	0.026727	0.015817	-0.542044	img__0_1683166756477911000.png
1683166727442	-5.591590	-4.242025	-2.142727	0.841591	0.026625	0.015249	-0.539244	img__0_1683166756524378000.png
1683166727490	-5.551948	-4.332201	-2.152336	0.843423	0.026506	0.014729	-0.536394	img__0_1683166756572446000.png
1683166727550	-5.502314	-4.442898	-2.164627	0.845733	0.026914	0.013870	-0.532746	img__0_1683166756633682000.png
1683166727601	-5.460020	-4.535222	-2.175561	0.847755	0.026603	0.013300	-0.529554	img__0_1683166756684021000.png
1683166727646	-5.422609	-4.615398	-2.184699	0.849541	0.027954	0.013215	-0.526616	img__0_1683166756730260000.png
1683166727697	-5.380073	-4.704765	-2.194596	0.851660	0.029496	0.013377	-0.523093	img__0_1683166756779555000.png
1683166727745	-5.339888	-4.787380	-2.203208	0.853753	0.030365	0.013685	-0.519612	img__0_1683166756828052000.png
1683166727790	-5.302073	-4.863468	-2.210666	0.855764	0.032005	0.014193	-0.516180	img__0_1683166756873045000.png
1683166727865	-5.238698	-4.987092	-2.223255	0.859346	0.034491	0.014363	-0.510027	img__0_1683166756947464000.png
1683166727913	-5.197870	-5.064013	-2.231513	0.861813	0.035339	0.014119	-0.505796	img__0_1683166756995381000.png
1683166727958	-5.159375	-5.134507	-2.239730	0.864229	0.035196	0.013922	-0.501673	img__0_1683166757040717000.png
1683166728012	-5.112914	-5.217074	-2.249780	0.867164	0.034559	0.013693	-0.496634	img__0_1683166757095853000.png
1683166728054	-5.076584	-5.279775	-2.257905	0.869455	0.034449	0.013615	-0.492622	img__0_1683166757136082000.png
1683166728099	-5.037476	-5.345471	-2.267128	0.871930	0.033997	0.013580	-0.488260	img__0_1683166757181609000.png
1683166728165	-4.979797	-5.439003	-2.282518	0.875538	0.034516	0.014490	-0.481697	img__0_1683166757249518000.png
1683166728216	-4.935015	-5.509029	-2.294809	0.878294	0.035341	0.015231	-0.476570	img__0_1683166757299986000.png
1683166728261	-4.895374	-5.569161	-2.305665	0.880722	0.036644	0.016444	-0.471927	img__0_1683166757344959000.png
1683166728312	-4.850311	-5.635269	-2.319074	0.883517	0.039566	0.011884	-0.466574	img__0_1683166757394273000.png
1683166728360	-4.807617	-5.695683	-2.330212	0.886276	0.044858	0.003370	-0.460968	img__0_1683166757442374000.png
1683166728408	-4.764244	-5.754349	-2.339679	0.889501	0.047350	-0.004376	-0.454452	img__0_1683166757491549000.png
1683166728453	-4.722587	-5.807668	-2.348459	0.892797	0.049996	-0.011160	-0.447537	img__0_1683166757536576000.png
1683166728528	-4.650560	-5.893256	-2.359242	0.899152	0.051979	-0.014859	-0.434284	img__0_1683166757612288000.png
1683166728576	-4.602617	-5.945878	-2.363442	0.903620	0.049577	-0.014418	-0.425213	img__0_1683166757658394000.png
1683166728615	-4.562849	-5.987676	-2.362206	0.907195	0.045424	-0.013663	-0.418027	img__0_1683166757698315000.png
1683166728666	-4.509723	-6.041037	-2.356189	0.911533	0.037273	-0.016561	-0.409199	img__0_1683166757748767000.png
1683166728714	-4.458651	-6.090283	-2.344893	0.915029	0.023488	-0.024455	-0.401960	img__0_1683166757797235000.png
1683166728762	-4.406178	-6.138980	-2.333438	0.917944	0.011602	-0.030370	-0.395376	img__0_1683166757844880000.png
1683166728828	-4.331417	-6.206014	-2.321248	0.921289	0.000801	-0.036287	-0.387181	img__0_1683166757911551000.png
1683166728882	-4.268260	-6.261542	-2.309390	0.923713	-0.004946	-0.039296	-0.381033	img__0_1683166757964755000.png
1683166728924	-4.217769	-6.305473	-2.300708	0.925406	-0.009086	-0.040197	-0.376729	img__0_1683166758007216000.png
1683166728975	-4.154948	-6.359863	-2.289691	0.927240	-0.013559	-0.039878	-0.372090	img__0_1683166758058978000.png
1683166729023	-4.094408	-6.412250	-2.278532	0.928752	-0.016710	-0.038954	-0.368271	img__0_1683166758107541000.png
1683166729071	-4.032472	-6.466018	-2.268377	0.930001	-0.019491	-0.037986	-0.365069	img__0_1683166758153405000.png
1683166729119	-3.969330	-6.521149	-2.257498	0.931093	-0.021181	-0.035480	-0.362433	img__0_1683166758201220000.png
1683166729185	-3.880824	-6.599144	-2.240201	0.932342	-0.021486	-0.032529	-0.359470	img__0_1683166758267190000.png
1683166729233	-3.815155	-6.657696	-2.230136	0.933009	-0.021677	-0.031091	-0.357853	img__0_1683166758315592000.png
1683166729281	-3.748528	-6.717672	-2.220671	0.933523	-0.021274	-0.029882	-0.356635	img__0_1683166758364569000.png
1683166729329	-3.681013	-6.779011	-2.211410	0.933899	-0.021150	-0.027579	-0.355843	img__0_1683166758412309000.png
1683166729377	-3.612755	-6.841563	-2.200731	0.934233	-0.018822	-0.024177	-0.355345	img__0_1683166758461052000.png
1683166729425	-3.543865	-6.905187	-2.188352	0.934477	-0.016632	-0.021308	-0.354997	img__0_1683166758508861000.png
1683166729476	-3.470040	-6.973867	-2.174460	0.934650	-0.014702	-0.019188	-0.354746	img__0_1683166758558237000.png
1683166729545	-3.369213	-7.068368	-2.155787	0.934850	-0.011520	-0.015956	-0.354497	img__0_1683166758627764000.png
1683166729596	-3.294064	-7.139212	-2.142946	0.934993	-0.009383	-0.013211	-0.354296	img__0_1683166758678390000.png
1683166729635	-3.236308	-7.193838	-2.133352	0.935093	-0.007689	-0.011536	-0.354132	img__0_1683166758719644000.png
1683166729686	-3.160496	-7.265681	-2.118394	0.935238	-0.005078	-0.010875	-0.353815	img__0_1683166758769198000.png
1683166729734	-3.088817	-7.333643	-2.103225	0.935385	-0.003195	-0.010141	-0.353471	img__0_1683166758817694000.png
1683166729785	-3.012307	-7.406128	-2.086621	0.935550	-0.001463	-0.008904	-0.353078	img__0_1683166758867950000.png
1683166729845	-2.921856	-7.491643	-2.067230	0.935736	-0.000071	-0.007698	-0.352619	img__0_1683166758928924000.png
1683166729896	-2.844630	-7.564443	-2.050822	0.935910	0.001049	-0.006962	-0.352169	img__0_1683166758980184000.png
1683166729947	-2.767111	-7.637275	-2.034231	0.936106	0.002179	-0.005832	-0.351662	img__0_1683166759032000000.png
1683166729995	-2.693916	-7.705787	-2.017962	0.936310	0.003526	-0.004736	-0.351125	img__0_1683166759078226000.png
1683166730046	-2.615929	-7.778460	-2.000031	0.936543	0.004496	-0.003346	-0.350508	img__0_1683166759128540000.png
1683166730088	-2.551560	-7.838161	-1.985202	0.936735	0.005276	-0.002487	-0.349990	img__0_1683166759172703000.png
1683166730145	-2.464034	-7.918905	-1.965111	0.937000	0.006052	-0.001211	-0.349275	img__0_1683166759227964000.png
1683166730205	-2.371744	-8.003477	-1.944085	0.937276	0.006927	-0.000502	-0.348520	img__0_1683166759288984000.png
1683166730253	-2.297823	-8.070775	-1.927104	0.937496	0.007695	0.000446	-0.347910	img__0_1683166759335352000.png
1683166730301	-2.223855	-8.137703	-1.909536	0.937711	0.009203	0.003050	-0.347282	img__0_1683166759384283000.png
1683166730349	-2.149911	-8.204179	-1.890811	0.937931	0.011746	0.005113	-0.346586	img__0_1683166759433200000.png
1683166730397	-2.076040	-8.270076	-1.871062	0.938191	0.013299	0.005769	-0.345813	img__0_1683166759479999000.png
1683166730448	-1.997643	-8.339335	-1.850510	0.938516	0.013398	0.004894	-0.344942	img__0_1683166759532576000.png
1683166730496	-1.923927	-8.403784	-1.831815	0.938820	0.013486	0.007541	-0.344062	img__0_1683166759579582000.png
1683166730568	-1.813688	-8.499050	-1.804283	0.939244	0.014279	0.012540	-0.342723	img__0_1683166759651635000.png
1683166730607	-1.754271	-8.549909	-1.788655	0.939480	0.015216	0.013666	-0.341992	img__0_1683166759692165000.png
1683166730658	-1.676912	-8.615610	-1.765853	0.939826	0.017712	0.013151	-0.340940	img__0_1683166759742217000.png
1683166730706	-1.604406	-8.676538	-1.741649	0.940200	0.020184	0.012352	-0.339799	img__0_1683166759790527000.png
1683166730754	-1.532151	-8.736428	-1.716513	0.940635	0.021726	0.011603	-0.338524	img__0_1683166759836347000.png
1683166730802	-1.460094	-8.795264	-1.689603	0.941088	0.024493	0.012172	-0.337055	img__0_1683166759885006000.png
1683166730868	-1.361314	-8.874193	-1.650574	0.941813	0.027610	0.013852	-0.334715	img__0_1683166759951006000.png
1683166730919	-1.285248	-8.933442	-1.619288	0.942470	0.028739	0.015093	-0.332712	img__0_1683166760002872000.png
1683166730964	-1.218364	-8.984317	-1.591880	0.943107	0.028815	0.016390	-0.330833	img__0_1683166760047709000.png
1683166731012	-1.147319	-9.037090	-1.563161	0.943801	0.029054	0.018100	-0.328736	img__0_1683166760096660000.png
1683166731066	-1.067840	-9.094635	-1.530674	0.944601	0.029469	0.020476	-0.326255	img__0_1683166760149456000.png
1683166731111	-1.002049	-9.141083	-1.503262	0.945311	0.029322	0.021786	-0.324120	img__0_1683166760196160000.png
1683166731162	-0.928081	-9.191940	-1.473407	0.946165	0.028605	0.021439	-0.321704	img__0_1683166760245412000.png
1683166731213	-0.854759	-9.240917	-1.445176	0.947073	0.026926	0.020134	-0.319252	img__0_1683166760296206000.png
1683166731276	-0.765033	-9.298878	-1.414190	0.948294	0.025217	0.015341	-0.316019	img__0_1683166760358708000.png
1683166731324	-0.697159	-9.341245	-1.394378	0.949290	0.024899	0.015221	-0.313046	img__0_1683166760407829000.png
1683166731372	-0.629646	-9.382145	-1.377458	0.950425	0.024294	0.012955	-0.309733	img__0_1683166760455820000.png
1683166731420	-0.562419	-9.421607	-1.363960	0.951674	0.023673	0.010078	-0.306031	img__0_1683166760503926000.png
1683166731468	-0.495358	-9.459726	-1.353637	0.953031	0.021664	0.006878	-0.302019	img__0_1683166760552392000.png
1683166731519	-0.424091	-9.498944	-1.345609	0.954443	0.020084	-0.004559	-0.297681	img__0_1683166760601820000.png
1683166731567	-0.356558	-9.534824	-1.342079	0.955785	0.019336	-0.008915	-0.293294	img__0_1683166760650427000.png
1683166731639	-0.253685	-9.586826	-1.351628	0.957855	0.018740	-0.009477	-0.286483	img__0_1683166760721764000.png
1683166731690	-0.179555	-9.622227	-1.373460	0.959440	0.018675	-0.000792	-0.281293	img__0_1683166760773401000.png
1683166731726	-0.126914	-9.646417	-1.395605	0.960473	0.015824	0.006746	-0.277842	img__0_1683166760809691000.png
1683166731774	-0.056895	-9.677917	-1.427986	0.961502	0.005701	0.017959	-0.274153	img__0_1683166760858816000.png
1683166731825	0.016856	-9.710915	-1.460086	0.962172	-0.003101	0.013292	-0.272101	img__0_1683166760908445000.png
1683166731873	0.085864	-9.741881	-1.481391	0.962607	-0.004089	0.006269	-0.270797	img__0_1683166760956305000.png
1683166731942	0.184686	-9.786460	-1.494907	0.962974	-0.005153	0.001364	-0.269543	img__0_1683166761025211000.png
1683166731990	0.253246	-9.817633	-1.497901	0.963097	-0.006616	-0.001540	-0.269069	img__0_1683166761073226000.png
1683166732035	0.317478	-9.847079	-1.498706	0.963153	-0.006448	-0.003199	-0.268857	img__0_1683166761119451000.png
1683166732089	0.394585	-9.882766	-1.499510	0.963168	-0.006652	-0.003903	-0.268790	img__0_1683166761172517000.png
1683166732131	0.454603	-9.910786	-1.499468	0.963134	-0.007004	-0.004707	-0.268890	img__0_1683166761215165000.png
1683166732179	0.523274	-9.943120	-1.498975	0.963080	-0.007064	-0.005312	-0.269069	img__0_1683166761263155000.png
1683166732233	0.600667	-9.979928	-1.498809	0.963051	-0.006629	-0.005551	-0.269182	img__0_1683166761316575000.png
1683166732293	0.686858	-10.021349	-1.499870	0.963046	-0.006000	-0.005951	-0.269203	img__0_1683166761378625000.png
1683166732341	0.755970	-10.054843	-1.500312	0.963017	-0.006768	-0.005522	-0.269300	img__0_1683166761425221000.png
1683166732392	0.829541	-10.090778	-1.499490	0.962940	-0.006606	-0.006383	-0.269559	img__0_1683166761474852000.png
1683166732440	0.898939	-10.124936	-1.497922	0.962846	-0.005600	-0.005925	-0.269928	img__0_1683166761524019000.png
1683166732491	0.972839	-10.161569	-1.496289	0.962692	-0.006454	-0.004638	-0.270483	img__0_1683166761573745000.png
1683166732536	1.038144	-10.194183	-1.494913	0.962548	-0.005271	-0.005594	-0.271001	img__0_1683166761619389000.png
1683166732587	1.112306	-10.231448	-1.493527	0.962405	-0.003832	-0.006376	-0.271518	img__0_1683166761670562000.png
1683166732659	1.217370	-10.284516	-1.492832	0.962251	-0.003874	-0.005913	-0.272074	img__0_1683166761741846000.png
1683166732701	1.278849	-10.315716	-1.493112	0.962190	-0.003612	-0.005637	-0.272299	img__0_1683166761786062000.png
1683166732758	1.362487	-10.358303	-1.493115	0.962123	-0.003206	-0.005297	-0.272547	img__0_1683166761842779000.png
1683166732797	1.419843	-10.387594	-1.493214	0.962071	-0.003494	-0.004586	-0.272737	img__0_1683166761881814000.png
1683166732851	1.499388	-10.428349	-1.492264	0.961971	-0.003931	-0.004340	-0.273089	img__0_1683166761933772000.png
1683166732893	1.561350	-10.460221	-1.491303	0.961882	-0.003981	-0.003764	-0.273409	img__0_1683166761977532000.png
1683166732962	1.663279	-10.512909	-1.490312	0.961731	-0.003516	-0.003447	-0.273951	img__0_1683166762045116000.png
1683166733013	1.738705	-10.552078	-1.488872	0.961562	-0.003886	-0.002280	-0.274550	img__0_1683166762096800000.png
1683166733061	1.809725	-10.589125	-1.487823	0.961380	-0.003102	-0.002722	-0.275193	img__0_1683166762144649000.png
1683166733112	1.885225	-10.628656	-1.487558	0.961197	-0.003105	-0.001869	-0.275837	img__0_1683166762196154000.png
1683166733160	1.956304	-10.666014	-1.488354	0.961040	-0.003663	-0.001719	-0.276380	img__0_1683166762243186000.png
1683166733211	2.031816	-10.705870	-1.488799	0.960855	-0.003702	-0.001374	-0.277024	img__0_1683166762295026000.png
1683166733259	2.102865	-10.743542	-1.489005	0.960667	-0.003738	-0.001284	-0.277675	img__0_1683166762343735000.png
1683166733304	2.169450	-10.778998	-1.488814	0.960497	-0.003529	-0.000955	-0.278266	img__0_1683166762389800000.png
1683166733352	2.240436	-10.816959	-1.488731	0.960333	-0.002921	-0.001335	-0.278838	img__0_1683166762437038000.png
1683166733415	2.333597	-10.866966	-1.489080	0.960187	-0.000963	-0.003447	-0.279335	img__0_1683166762500841000.png
1683166733466	2.409125	-10.907539	-1.489319	0.960133	-0.000038	-0.005131	-0.279497	img__0_1683166762550673000.png
1683166733514	2.480388	-10.945771	-1.489508	0.960116	0.000973	-0.005338	-0.279549	img__0_1683166762599132000.png
1683166733565	2.556334	-10.986400	-1.489351	0.960115	0.001782	-0.006080	-0.279533	img__0_1683166762650517000.png
1683166733613	2.628078	-11.024615	-1.490537	0.960177	0.002089	-0.005470	-0.279332	img__0_1683166762697456000.png
1683166733661	2.700053	-11.062793	-1.492175	0.960233	0.001452	-0.003845	-0.279170	img__0_1683166762745563000.png
1683166733712	2.776696	-11.103315	-1.493027	0.960272	0.001119	-0.003776	-0.279037	img__0_1683166762795815000.png
1683166733784	2.885178	-11.160467	-1.495738	0.960397	0.001298	-0.003716	-0.278607	img__0_1683166762867400000.png
1683166733829	2.953142	-11.196150	-1.497977	0.960514	0.001389	-0.004187	-0.278198	img__0_1683166762914428000.png
1683166733871	3.016700	-11.229428	-1.499667	0.960610	0.001179	-0.004087	-0.277867	img__0_1683166762955823000.png
1683166733925	3.098573	-11.272191	-1.500334	0.960695	0.001026	-0.003682	-0.277579	img__0_1683166763008455000.png
1683166733970	3.166948	-11.307804	-1.502691	0.960823	0.002255	-0.003425	-0.277133	img__0_1683166763054675000.png
1683166734018	3.240008	-11.345727	-1.505455	0.960979	0.000923	-0.001731	-0.276615	img__0_1683166763102767000.png
1683166734066	3.313131	-11.383617	-1.507499	0.961144	0.000265	-0.002809	-0.276034	img__0_1683166763149236000.png
1683166734132	3.413811	-11.435712	-1.511195	0.961436	0.001023	-0.002823	-0.275013	img__0_1683166763215722000.png
1683166734186	3.496315	-11.478298	-1.515268	0.961784	0.001726	-0.002958	-0.273788	img__0_1683166763269104000.png
1683166734231	3.565175	-11.513732	-1.518775	0.962132	0.001440	-0.002511	-0.272568	img__0_1683166763315680000.png
1683166734282	3.643314	-11.553829	-1.522290	0.962561	0.001079	-0.002505	-0.271050	img__0_1683166763366632000.png
1683166734336	3.726137	-11.596238	-1.523934	0.963022	0.000425	-0.001874	-0.269418	img__0_1683166763419637000.png
1683166734378	3.790600	-11.629202	-1.524122	0.963367	0.000899	-0.002169	-0.268178	img__0_1683166763461648000.png
1683166734426	3.864336	-11.666845	-1.524935	0.963775	0.001477	-0.003168	-0.266694	img__0_1683166763512006000.png
1683166734477	3.942799	-11.706790	-1.525158	0.964220	0.000938	-0.003350	-0.265080	img__0_1683166763562070000.png
1683166734525	4.016772	-11.744351	-1.524907	0.964642	0.001437	-0.003996	-0.263530	img__0_1683166763610256000.png
1683166734588	4.114094	-11.793599	-1.525387	0.965237	0.001824	-0.003916	-0.261341	img__0_1683166763672961000.png
1683166734636	4.188419	-11.831069	-1.525060	0.965675	0.000855	-0.004625	-0.259711	img__0_1683166763721697000.png
1683166734687	4.267585	-11.870859	-1.524292	0.966132	0.002191	-0.006257	-0.257964	img__0_1683166763771357000.png
1683166734735	4.342366	-11.908265	-1.524742	0.966592	0.002896	-0.006985	-0.256207	img__0_1683166763820585000.png
1683166734786	4.422137	-11.947942	-1.524989	0.967077	0.002164	-0.006924	-0.254382	img__0_1683166763871549000.png
1683166734834	4.497494	-11.985241	-1.524032	0.967499	0.001874	-0.006139	-0.252795	img__0_1683166763918155000.png
1683166734882	4.573102	-12.022507	-1.522241	0.967868	0.001545	-0.006685	-0.251365	img__0_1683166763967338000.png
1683166734954	4.686982	-12.078363	-1.519562	0.968353	0.001705	-0.005053	-0.249528	img__0_1683166764038167000.png
1683166734999	4.758410	-12.113233	-1.519225	0.968657	0.002089	-0.004699	-0.248348	img__0_1683166764082380000.png
1683166735050	4.839562	-12.152689	-1.518973	0.968993	0.001258	-0.004015	-0.247052	img__0_1683166764134240000.png
1683166735095	4.911316	-12.187466	-1.518711	0.969268	0.001807	-0.004165	-0.245967	img__0_1683166764178732000.png
1683166735143	4.988014	-12.224508	-1.520079	0.969559	0.001994	-0.001918	-0.244841	img__0_1683166764228727000.png
1683166735191	5.064806	-12.261462	-1.523135	0.969812	0.002617	-0.000523	-0.243841	img__0_1683166764277127000.png
1683166735254	5.165615	-12.309766	-1.527338	0.970106	0.003402	-0.001404	-0.242653	img__0_1683166764339612000.png
1683166735302	5.242448	-12.346372	-1.531878	0.970315	0.004630	0.001993	-0.241792	img__0_1683166764387570000.png
1683166735350	5.319220	-12.382747	-1.536844	0.970496	0.003667	0.003638	-0.241060	img__0_1683166764435191000.png
1683166735398	5.395851	-12.418887	-1.542058	0.970698	0.004174	0.002489	-0.240255	img__0_1683166764483968000.png
1683166735449	5.477140	-12.457033	-1.548072	0.970913	0.003569	0.002952	-0.239387	img__0_1683166764532825000.png
1683166735497	5.553524	-12.492726	-1.552900	0.971093	0.002543	0.002131	-0.238678	img__0_1683166764580875000.png
1683166735545	5.629805	-12.528257	-1.557911	0.971259	0.002325	0.000635	-0.238014	img__0_1683166764630802000.png
1683166735620	5.748916	-12.583521	-1.568059	0.971479	0.001203	-0.000381	-0.237123	img__0_1683166764703785000.png
1683166735665	5.820373	-12.616589	-1.573327	0.971592	0.000620	-0.000060	-0.236663	img__0_1683166764751097000.png
1683166735713	5.896562	-12.651814	-1.579047	0.971682	-0.000232	0.000207	-0.236294	img__0_1683166764798930000.png
1683166735758	5.967943	-12.684822	-1.583555	0.971723	-0.000376	0.000483	-0.236123	img__0_1683166764840848000.png
1683166735806	6.044023	-12.720019	-1.588086	0.971757	0.000585	0.000290	-0.235982	img__0_1683166764890387000.png
1683166735854	6.120056	-12.755168	-1.591846	0.971758	0.000835	0.000381	-0.235979	img__0_1683166764937392000.png
1683166735917	6.219779	-12.801220	-1.595505	0.971714	0.000490	0.000185	-0.236162	img__0_1683166765001206000.png
1683166735968	6.300453	-12.838446	-1.598957	0.971659	0.001291	0.001226	-0.236382	img__0_1683166765054404000.png
1683166736019	6.381040	-12.875582	-1.602736	0.971583	0.000876	0.002115	-0.236686	img__0_1683166765103177000.png
1683166736067	6.456767	-12.910444	-1.605701	0.971479	0.001472	0.002942	-0.237102	img__0_1683166765151529000.png
1683166736115	6.532340	-12.945196	-1.608723	0.971348	0.001148	0.004118	-0.237625	img__0_1683166765200339000.png
1683166736163	6.607718	-12.979826	-1.611553	0.971200	0.002039	0.002990	-0.238238	img__0_1683166765248296000.png
1683166736214	6.687630	-13.016472	-1.614645	0.971035	0.002180	0.002677	-0.238911	img__0_1683166765300137000.png
1683166736262	6.762707	-13.050815	-1.617509	0.970856	0.002105	0.002392	-0.239644	img__0_1683166765345846000.png
1683166736322	6.856394	-13.093558	-1.619689	0.970624	0.001800	0.000433	-0.240595	img__0_1683166765408006000.png
1683166736370	6.931277	-13.127630	-1.620329	0.970433	0.001617	0.000778	-0.241363	img__0_1683166765456082000.png
1683166736418	7.006109	-13.161599	-1.621723	0.970237	0.002021	0.000739	-0.242148	img__0_1683166765503917000.png
1683166736469	7.085564	-13.197567	-1.624210	0.970040	0.001391	0.000605	-0.242942	img__0_1683166765554508000.png
1683166736517	7.160292	-13.231312	-1.627350	0.969860	0.002559	0.000871	-0.243649	img__0_1683166765603448000.png
1683166736565	7.234978	-13.264924	-1.630793	0.969693	0.002838	-0.000513	-0.244309	img__0_1683166765648955000.png
1683166736637	7.347020	-13.315104	-1.635381	0.969495	0.001833	-0.001645	-0.245097	img__0_1683166765720458000.png
1683166736685	7.421769	-13.348449	-1.638055	0.969408	0.001874	-0.002844	-0.245430	img__0_1683166765769115000.png
1683166736724	7.482573	-13.375490	-1.639344	0.969355	0.002214	-0.003548	-0.245629	img__0_1683166765809604000.png
1683166736772	7.557530	-13.408701	-1.640493	0.969324	0.002228	-0.003971	-0.245745	img__0_1683166765857974000.png
1683166736823	7.637343	-13.443916	-1.641804	0.969331	0.000884	-0.003864	-0.245728	img__0_1683166765908456000.png
1683166736871	7.712600	-13.477043	-1.642368	0.969363	0.000205	-0.004026	-0.245599	img__0_1683166765957560000.png
1683166736937	7.816318	-13.522609	-1.642986	0.969450	-0.000389	-0.004633	-0.245244	img__0_1683166766022042000.png
1683166736988	7.896663	-13.557871	-1.643310	0.969515	-0.001542	-0.003314	-0.245003	img__0_1683166766072599000.png
1683166737033	7.967653	-13.589056	-1.643099	0.969545	-0.001351	-0.003480	-0.244886	img__0_1683166766119614000.png
1683166737087	8.052945	-13.626574	-1.642865	0.969597	-0.002352	-0.002810	-0.244678	img__0_1683166766171338000.png
1683166737132	8.124087	-13.657942	-1.642878	0.969646	-0.003577	-0.001968	-0.244480	img__0_1683166766217375000.png
1683166737183	8.204728	-13.693656	-1.643164	0.969690	-0.005066	-0.001667	-0.244282	img__0_1683166766267234000.png
1683166737231	8.280602	-13.727473	-1.642193	0.969686	-0.005645	-0.001349	-0.244285	img__0_1683166766315759000.png
1683166737291	8.375379	-13.770084	-1.640067	0.969613	-0.007177	-0.000050	-0.244537	img__0_1683166766376830000.png
1683166737339	8.451083	-13.804499	-1.638830	0.969524	-0.006955	0.000564	-0.244896	img__0_1683166766425456000.png
1683166737387	8.526649	-13.839190	-1.637063	0.969379	-0.008000	0.000996	-0.245438	img__0_1683166766472617000.png
1683166737435	8.602049	-13.874176	-1.634117	0.969177	-0.008967	0.001895	-0.246195	img__0_1683166766520688000.png
1683166737486	8.681947	-13.911706	-1.630082	0.968960	-0.007403	0.000107	-0.247107	img__0_1683166766572384000.png
1683166737558	8.794492	-13.965268	-1.624315	0.968609	-0.005273	-0.001280	-0.248532	img__0_1683166766644192000.png
1683166737603	8.864762	-13.999040	-1.622321	0.968418	-0.003570	-0.002306	-0.249295	img__0_1683166766687956000.png
1683166737645	8.930365	-14.030694	-1.620785	0.968262	-0.002563	-0.003987	-0.249894	img__0_1683166766730357000.png
1683166737693	9.005439	-14.067001	-1.619708	0.968135	-0.001920	-0.005128	-0.250370	img__0_1683166766778041000.png
1683166737741	9.080669	-14.103433	-1.618400	0.968044	-0.001641	-0.005964	-0.250706	img__0_1683166766826372000.png
1683166737789	9.156107	-14.139987	-1.618271	0.968030	-0.000918	-0.005564	-0.250772	img__0_1683166766875203000.png
1683166737855	9.260135	-14.190366	-1.616503	0.968070	0.000525	-0.005806	-0.250614	img__0_1683166766939915000.png
1683166737903	9.336055	-14.227041	-1.615790	0.968134	0.001099	-0.007217	-0.250327	img__0_1683166766989371000.png
1683166737951	9.412258	-14.263725	-1.615765	0.968237	0.001065	-0.006597	-0.249945	img__0_1683166767037932000.png
1683166738002	9.493523	-14.302716	-1.615885	0.968349	0.001084	-0.006444	-0.249517	img__0_1683166767086835000.png
1683166738050	9.570251	-14.339417	-1.615486	0.968443	-0.000152	-0.005975	-0.249163	img__0_1683166767135739000.png
1683166738098	9.647204	-14.376164	-1.614901	0.968522	-0.000787	-0.006314	-0.248846	img__0_1683166767184160000.png
1683166738149	9.729213	-14.415296	-1.614727	0.968595	-0.001275	-0.005067	-0.248589	img__0_1683166767234991000.png
1683166738197	9.806575	-14.452214	-1.614504	0.968647	-0.001186	-0.004299	-0.248403	img__0_1683166767282465000.png
1683166738269	9.922869	-14.507740	-1.614512	0.968715	-0.001434	-0.003497	-0.248146	img__0_1683166767353945000.png
1683166738317	10.000531	-14.544857	-1.615586	0.968742	-0.001725	-0.003020	-0.248048	img__0_1683166767402633000.png
1683166738359	10.068551	-14.577410	-1.617443	0.968763	-0.001905	-0.002256	-0.247970	img__0_1683166767443135000.png
1683166738410	10.151180	-14.617026	-1.619494	0.968781	-0.002145	-0.000984	-0.247908	img__0_1683166767494296000.png
1683166738455	10.224069	-14.652060	-1.621465	0.968818	-0.002082	-0.000224	-0.247766	img__0_1683166767541470000.png
1683166738506	10.306625	-14.691833	-1.623172	0.968894	-0.001437	-0.000170	-0.247471	img__0_1683166767590143000.png
1683166738569	10.408523	-14.741028	-1.625561	0.969069	-0.000376	0.000629	-0.246791	img__0_1683166767654424000.png
1683166738620	10.490918	-14.780842	-1.628416	0.969281	0.000937	0.000236	-0.245954	img__0_1683166767705872000.png
1683166738668	10.568416	-14.818255	-1.630541	0.969513	0.001095	0.000257	-0.245035	img__0_1683166767753308000.png
1683166738719	10.650713	-14.857925	-1.631289	0.969757	0.001145	0.000825	-0.244067	img__0_1683166767804631000.png
1683166738767	10.728107	-14.895180	-1.631214	0.969981	0.001188	0.000861	-0.243178	img__0_1683166767851480000.png
1683166738812	10.800603	-14.930031	-1.630896	0.970186	0.001465	0.001065	-0.242356	img__0_1683166767897852000.png
1683166738866	10.887513	-14.971736	-1.631038	0.970440	0.002196	0.001289	-0.241328	img__0_1683166767951679000.png
1683166738911	10.959864	-15.006368	-1.631799	0.970659	0.001705	0.001844	-0.240447	img__0_1683166767997511000.png
1683166738974	11.061011	-15.054674	-1.632766	0.970944	0.001843	0.000473	-0.239298	img__0_1683166768059390000.png
1683166739025	11.142823	-15.093639	-1.633434	0.971176	0.002364	-0.000553	-0.238352	img__0_1683166768112188000.png
1683166739076	11.224637	-15.132462	-1.635236	0.971402	0.003281	-0.001009	-0.237417	img__0_1683166768160230000.png
1683166739121	11.296856	-15.166580	-1.637363	0.971609	0.002112	-0.001016	-0.236580	img__0_1683166768205640000.png
1683166739169	11.373915	-15.202868	-1.639014	0.971799	0.001763	-0.001085	-0.235802	img__0_1683166768255476000.png
1683166739217	11.451006	-15.239062	-1.640815	0.971978	0.002747	-0.002489	-0.235041	img__0_1683166768303159000.png
1683166739268	11.533002	-15.277402	-1.642888	0.972164	0.001912	-0.001914	-0.234287	img__0_1683166768352655000.png
1683166739340	11.648898	-15.331353	-1.645319	0.972391	0.001787	-0.001792	-0.233345	img__0_1683166768424863000.png
1683166739385	11.721401	-15.364977	-1.646553	0.972520	0.001378	-0.001224	-0.232811	img__0_1683166768470164000.png
1683166739427	11.789095	-15.396303	-1.648191	0.972651	0.001510	-0.001181	-0.232265	img__0_1683166768513683000.png
1683166739475	11.866492	-15.432026	-1.651966	0.972821	0.001824	-0.001126	-0.231550	img__0_1683166768561352000.png
1683166739526	11.948749	-15.469889	-1.656814	0.972973	0.000377	-0.000144	-0.230920	img__0_1683166768611464000.png
1683166739574	12.026142	-15.505488	-1.659773	0.973074	-0.000996	-0.000958	-0.230489	img__0_1683166768660110000.png
1683166739640	12.132525	-15.554495	-1.661763	0.973122	-0.003284	-0.001006	-0.230266	img__0_1683166768724978000.png
1683166739688	12.209858	-15.590255	-1.660717	0.973055	-0.004238	-0.001355	-0.230529	img__0_1683166768773177000.png
1683166739736	12.287163	-15.626192	-1.659272	0.972919	-0.005531	-0.001618	-0.231073	img__0_1683166768822366000.png
1683166739787	12.369267	-15.664634	-1.658242	0.972736	-0.005369	-0.001286	-0.231849	img__0_1683166768871848000.png
1683166739832	12.441676	-15.698794	-1.659251	0.972560	-0.005050	-0.000811	-0.232597	img__0_1683166768918504000.png
1683166739880	12.518854	-15.735454	-1.662007	0.972366	-0.004635	-0.000680	-0.233415	img__0_1683166768964813000.png
1683166739946	12.624874	-15.786162	-1.665865	0.972049	-0.003761	-0.000493	-0.234746	img__0_1683166769030630000.png
1683166739994	12.701907	-15.823221	-1.668307	0.971759	-0.002780	-0.000103	-0.235960	img__0_1683166769079098000.png
1683166740042	12.778872	-15.860394	-1.671386	0.971429	-0.002790	0.000005	-0.237314	img__0_1683166769129148000.png
1683166740090	12.855765	-15.897656	-1.675168	0.971094	-0.000793	0.000696	-0.238697	img__0_1683166769175067000.png
1683166740138	12.932568	-15.934957	-1.678899	0.970711	-0.002980	0.002329	-0.240219	img__0_1683166769225149000.png
1683166740186	13.009212	-15.972322	-1.682036	0.970278	-0.003389	0.002679	-0.241955	img__0_1683166769271098000.png
1683166740237	13.090427	-16.012123	-1.684633	0.969757	-0.004085	0.004682	-0.243992	img__0_1683166769323474000.png
1683166740309	13.204570	-16.068516	-1.688183	0.969048	-0.005123	0.003794	-0.246788	img__0_1683166769394087000.png
1683166740354	13.275613	-16.103926	-1.690364	0.968575	-0.006758	0.004004	-0.248597	img__0_1683166769440058000.png
1683166740402	13.351105	-16.141920	-1.692723	0.968042	-0.007675	0.004751	-0.250624	img__0_1683166769486618000.png
1683166740453	13.430946	-16.182570	-1.695663	0.967488	-0.008222	0.004640	-0.252741	img__0_1683166769539697000.png
1683166740495	13.496433	-16.216269	-1.696745	0.967000	-0.008867	0.003544	-0.254597	img__0_1683166769581870000.png
1683166740543	13.571002	-16.255083	-1.697614	0.966413	-0.009522	0.002177	-0.256808	img__0_1683166769629557000.png
1683166740594	13.649957	-16.296728	-1.699139	0.965761	-0.009875	0.002129	-0.259235	img__0_1683166769679621000.png
1683166740660	13.751671	-16.351299	-1.703090	0.964839	-0.011021	0.003906	-0.262581	img__0_1683166769745239000.png
1683166740705	13.820662	-16.388956	-1.706179	0.964193	-0.010780	0.004710	-0.264940	img__0_1683166769791113000.png
1683166740756	13.898428	-16.432085	-1.711573	0.963486	-0.010479	0.004632	-0.267515	img__0_1683166769842587000.png
1683166740807	13.975753	-16.475672	-1.718636	0.962841	-0.010641	0.003099	-0.269843	img__0_1683166769892976000.png
1683166740852	14.043677	-16.514509	-1.725181	0.962295	-0.010872	0.002930	-0.271774	img__0_1683166769938307000.png
1683166740903	14.120380	-16.558908	-1.729890	0.961673	-0.011389	0.001837	-0.273955	img__0_1683166769988788000.png
1683166740951	14.192303	-16.601131	-1.733439	0.961091	-0.011606	0.001521	-0.275986	img__0_1683166770038506000.png
1683166741014	14.286325	-16.657263	-1.738262	0.960322	-0.011952	0.002343	-0.278627	img__0_1683166770099269000.png
