TimeStamp	POS_X	POS_Y	POS_Z	Q_W	Q_X	Q_Y	Q_Z	ImageFile
1683168841641	2.509363	-7.980766	-1.198736	-0.981871	-0.023018	0.001575	-0.188139	img__0_1683168851317993000.png
1683168841689	2.580414	-7.946375	-1.195933	-0.980493	-0.023808	0.001842	-0.195098	img__0_1683168851367022000.png
1683168841758	2.682270	-7.895097	-1.191734	-0.978436	-0.024246	0.002875	-0.205101	img__0_1683168851435040000.png
1683168841803	2.748546	-7.860473	-1.188575	-0.977050	-0.024390	0.003656	-0.211577	img__0_1683168851481317000.png
1683168841857	2.827948	-7.817657	-1.184710	-0.975338	-0.024517	0.004139	-0.219313	img__0_1683168851534509000.png
1683168841899	2.889618	-7.783401	-1.181517	-0.973974	-0.024459	0.004113	-0.225300	img__0_1683168851577877000.png
1683168841950	2.964391	-7.740665	-1.177703	-0.972293	-0.023973	0.003683	-0.232502	img__0_1683168851628022000.png
1683168841995	3.030247	-7.701950	-1.174342	-0.970800	-0.023038	0.003021	-0.238763	img__0_1683168851672656000.png
1683168842058	3.122213	-7.646244	-1.169609	-0.968680	-0.021936	0.002629	-0.247326	img__0_1683168851736688000.png
1683168842106	3.192087	-7.602678	-1.165902	-0.967049	-0.021430	0.003050	-0.253667	img__0_1683168851783438000.png
1683168842157	3.266162	-7.555334	-1.162280	-0.965307	-0.020794	0.003242	-0.260269	img__0_1683168851835864000.png
1683168842208	3.340076	-7.506939	-1.158783	-0.963550	-0.020386	0.003262	-0.266730	img__0_1683168851885600000.png
1683168842259	3.413830	-7.457520	-1.155395	-0.961777	-0.020369	0.003552	-0.273052	img__0_1683168851938093000.png
1683168842304	3.478779	-7.413066	-1.152430	-0.960214	-0.020015	0.003755	-0.278522	img__0_1683168851981074000.png
1683168842367	3.569519	-7.349511	-1.148410	-0.958054	-0.018867	0.004195	-0.285935	img__0_1683168852044656000.png
1683168842418	3.642839	-7.296968	-1.145408	-0.956301	-0.019066	0.004922	-0.291719	img__0_1683168852095202000.png
1683168842463	3.707456	-7.249807	-1.142772	-0.954806	-0.017720	0.004544	-0.296667	img__0_1683168852141452000.png
1683168842514	3.780605	-7.195502	-1.139813	-0.953125	-0.017131	0.004733	-0.302054	img__0_1683168852191856000.png
1683168842559	3.845081	-7.146860	-1.137191	-0.951652	-0.017057	0.004936	-0.306666	img__0_1683168852237729000.png
1683168842613	3.922376	-7.087571	-1.134360	-0.949869	-0.017742	0.004961	-0.312105	img__0_1683168852290519000.png
1683168842676	4.012426	-7.017128	-1.130760	-0.947815	-0.017893	0.004886	-0.318282	img__0_1683168852354725000.png
1683168842721	4.076654	-6.965970	-1.128042	-0.946341	-0.018432	0.004469	-0.322612	img__0_1683168852398744000.png
1683168842772	4.149325	-6.907115	-1.124973	-0.944672	-0.018513	0.003618	-0.327473	img__0_1683168852449556000.png
1683168842823	4.221815	-6.847328	-1.122295	-0.943002	-0.018488	0.002696	-0.332264	img__0_1683168852501772000.png
1683168842868	4.285589	-6.793817	-1.120187	-0.941519	-0.018627	0.002052	-0.336438	img__0_1683168852546456000.png
1683168842919	4.357612	-6.732311	-1.118335	-0.939851	-0.018066	0.001014	-0.341105	img__0_1683168852597010000.png
1683168842970	4.429329	-6.669949	-1.116514	-0.938181	-0.018078	0.000436	-0.345673	img__0_1683168852649178000.png
1683168843021	4.500709	-6.606771	-1.114221	-0.936493	-0.018312	-0.000489	-0.350207	img__0_1683168852699014000.png
1683168843069	4.567538	-6.546558	-1.112011	-0.934893	-0.018371	-0.001014	-0.354451	img__0_1683168852748880000.png
1683168843117	4.633990	-6.485613	-1.109948	-0.933284	-0.018445	-0.001635	-0.358662	img__0_1683168852795414000.png
1683168843180	4.720598	-6.404556	-1.106757	-0.931172	-0.017960	-0.002173	-0.364131	img__0_1683168852859187000.png
1683168843228	4.786095	-6.342005	-1.104078	-0.929520	-0.018683	-0.002764	-0.368287	img__0_1683168852906765000.png
1683168843276	4.851132	-6.278765	-1.101317	-0.927837	-0.018183	-0.004222	-0.372519	img__0_1683168852955304000.png
1683168843327	4.919664	-6.210845	-1.098420	-0.925980	-0.018431	-0.005860	-0.377078	img__0_1683168853006172000.png
1683168843375	4.983568	-6.146283	-1.095326	-0.924203	-0.017370	-0.007449	-0.381433	img__0_1683168853052646000.png
1683168843423	5.046827	-6.081155	-1.092137	-0.922370	-0.016994	-0.008949	-0.385831	img__0_1683168853100739000.png
1683168843471	5.109375	-6.015501	-1.089201	-0.920487	-0.016831	-0.010297	-0.390276	img__0_1683168853150082000.png
1683168843543	5.201737	-5.916115	-1.085247	-0.917560	-0.016639	-0.012695	-0.397046	img__0_1683168853220974000.png
1683168843594	5.265974	-5.845113	-1.083268	-0.915410	-0.016194	-0.014641	-0.401930	img__0_1683168853273388000.png
1683168843642	5.325456	-5.777897	-1.081839	-0.913367	-0.016238	-0.014949	-0.406539	img__0_1683168853320458000.png
1683168843684	5.376712	-5.718782	-1.080906	-0.911431	-0.015877	-0.015450	-0.410856	img__0_1683168853364060000.png
1683168843735	5.437936	-5.646650	-1.080315	-0.909331	-0.015597	-0.015822	-0.415480	img__0_1683168853412121000.png
1683168843789	5.501599	-5.569916	-1.078730	-0.906951	-0.014553	-0.016261	-0.420670	img__0_1683168853467524000.png
1683168843849	5.570884	-5.484295	-1.077024	-0.904328	-0.012125	-0.016991	-0.426328	img__0_1683168853526162000.png
1683168843894	5.621829	-5.419923	-1.076511	-0.902373	-0.010061	-0.018116	-0.430457	img__0_1683168853571884000.png
1683168843942	5.675229	-5.351234	-1.076157	-0.900292	-0.008466	-0.019430	-0.434770	img__0_1683168853621012000.png
1683168843990	5.727658	-5.282615	-1.075502	-0.898194	-0.006353	-0.021139	-0.439045	img__0_1683168853668085000.png
1683168844038	5.779094	-5.214179	-1.074296	-0.896068	-0.004580	-0.023843	-0.443252	img__0_1683168853716504000.png
1683168844086	5.829461	-5.146061	-1.072900	-0.893910	-0.002590	-0.026338	-0.447465	img__0_1683168853765589000.png
1683168844140	5.884761	-5.069976	-1.071254	-0.891495	-0.000827	-0.028290	-0.452145	img__0_1683168853818560000.png
1683168844188	5.932698	-5.002932	-1.069054	-0.889387	-0.000080	-0.029473	-0.456205	img__0_1683168853865409000.png
1683168844251	5.993727	-4.915944	-1.067192	-0.886650	0.001487	-0.030424	-0.461438	img__0_1683168853930265000.png
1683168844299	6.038730	-4.850539	-1.067504	-0.884676	-0.001195	-0.029777	-0.465254	img__0_1683168853977862000.png
1683168844347	6.082352	-4.785836	-1.070532	-0.882592	-0.006732	-0.029958	-0.469136	img__0_1683168854025219000.png
1683168844395	6.124507	-4.721610	-1.075985	-0.880404	-0.011438	-0.025167	-0.473417	img__0_1683168854074701000.png
1683168844443	6.165648	-4.657489	-1.076455	-0.878118	-0.015237	-0.019340	-0.477811	img__0_1683168854122433000.png
1683168844494	6.208260	-4.589215	-1.074438	-0.875594	-0.018528	-0.013158	-0.482513	img__0_1683168854173659000.png
1683168844545	6.249860	-4.520531	-1.070830	-0.873027	-0.019949	-0.008311	-0.487193	img__0_1683168854223652000.png
1683168844608	6.300048	-4.434806	-1.065606	-0.869852	-0.021878	-0.003122	-0.492818	img__0_1683168854286744000.png
1683168844656	6.337561	-4.368683	-1.060663	-0.867444	-0.022891	0.000272	-0.497007	img__0_1683168854334419000.png
1683168844704	6.374559	-4.301721	-1.055238	-0.865135	-0.022340	0.003623	-0.501028	img__0_1683168854382515000.png
1683168844752	6.408880	-4.233826	-1.050016	-0.862916	-0.021998	0.006346	-0.504828	img__0_1683168854429353000.png
1683168844800	6.447467	-4.164956	-1.045138	-0.860776	-0.021550	0.007540	-0.508472	img__0_1683168854478773000.png
1683168844854	6.488056	-4.086308	-1.039666	-0.858490	-0.020569	0.009246	-0.512334	img__0_1683168854531494000.png
1683168844923	6.539656	-3.984004	-1.032558	-0.855688	-0.020715	0.010704	-0.516967	img__0_1683168854602309000.png
1683168844971	6.575432	-3.911617	-1.027307	-0.853835	-0.020540	0.011761	-0.520005	img__0_1683168854649853000.png
1683168845019	6.611158	-3.838201	-1.022004	-0.852117	-0.019663	0.012932	-0.522823	img__0_1683168854698590000.png
1683168845061	6.642427	-3.773105	-1.017726	-0.850750	-0.018098	0.013335	-0.525089	img__0_1683168854740405000.png
1683168845109	6.678223	-3.697788	-1.013061	-0.849326	-0.016420	0.013748	-0.527434	img__0_1683168854789286000.png
1683168845154	6.711885	-3.626329	-1.008904	-0.848114	-0.015126	0.013988	-0.529414	img__0_1683168854833991000.png
1683168845229	6.768262	-3.505539	-1.002326	-0.846246	-0.013576	0.011416	-0.532497	img__0_1683168854906965000.png
1683168845268	6.797674	-3.441984	-0.998820	-0.845317	-0.012427	0.009442	-0.534037	img__0_1683168854946442000.png
1683168845325	6.840710	-3.348339	-0.993016	-0.844032	-0.010687	0.007957	-0.536127	img__0_1683168855004798000.png
1683168845367	6.872447	-3.278825	-0.988636	-0.843149	-0.010114	0.007788	-0.537529	img__0_1683168855045655000.png
1683168845421	6.913284	-3.188840	-0.983491	-0.842076	-0.009792	0.007090	-0.539224	img__0_1683168855099473000.png
1683168845463	6.945053	-3.118401	-0.980015	-0.841280	-0.009108	0.005496	-0.540494	img__0_1683168855142956000.png
1683168845517	6.985860	-3.027336	-0.976009	-0.840281	-0.008573	0.004261	-0.542066	img__0_1683168855194528000.png
1683168845580	7.033367	-2.920458	-0.971999	-0.839198	-0.007748	0.003774	-0.543758	img__0_1683168855260343000.png
1683168845631	7.071742	-2.833500	-0.968750	-0.838373	-0.006448	0.002487	-0.545054	img__0_1683168855310317000.png
1683168845676	7.105522	-2.756521	-0.965979	-0.837673	-0.005286	0.001574	-0.546144	img__0_1683168855354539000.png
1683168845730	7.145953	-2.663916	-0.963300	-0.836900	-0.004077	0.001473	-0.547338	img__0_1683168855408978000.png
1683168845778	7.181814	-2.581441	-0.961496	-0.836272	-0.002954	0.000511	-0.548307	img__0_1683168855457652000.png
1683168845826	7.217604	-2.498878	-0.960189	-0.835665	-0.002472	-0.000341	-0.549233	img__0_1683168855505340000.png
1683168845874	7.253299	-2.416277	-0.959083	-0.835060	-0.002591	-0.001079	-0.550152	img__0_1683168855551671000.png
1683168845922	7.288870	-2.333651	-0.958312	-0.834450	-0.002625	-0.001624	-0.551076	img__0_1683168855601198000.png
1683168845988	7.337536	-2.220023	-0.957491	-0.833645	-0.002219	-0.001996	-0.552293	img__0_1683168855666684000.png
1683168846033	7.370552	-2.142557	-0.957081	-0.833142	-0.002353	-0.001699	-0.553052	img__0_1683168855711622000.png
1683168846084	7.407816	-2.054768	-0.956690	-0.832621	-0.001985	-0.001604	-0.553838	img__0_1683168855763141000.png
1683168846129	7.440570	-1.977317	-0.956595	-0.832184	-0.002397	-0.002041	-0.554490	img__0_1683168855808466000.png
1683168846180	7.477526	-1.889550	-0.956827	-0.831692	-0.002775	-0.002366	-0.555226	img__0_1683168855858765000.png
1683168846228	7.512129	-1.806951	-0.957130	-0.831230	-0.002633	-0.002718	-0.555916	img__0_1683168855907800000.png
1683168846279	7.548686	-1.719212	-0.957688	-0.830752	-0.001784	-0.003495	-0.556628	img__0_1683168855956825000.png
1683168846348	7.597785	-1.600637	-0.958513	-0.830116	-0.000582	-0.005042	-0.557567	img__0_1683168856028119000.png
1683168846402	7.635886	-1.508052	-0.959558	-0.829619	0.000908	-0.006204	-0.558294	img__0_1683168856080667000.png
1683168846447	7.667410	-1.431122	-0.960962	-0.829245	0.002200	-0.007167	-0.558836	img__0_1683168856127056000.png
1683168846495	7.700812	-1.349359	-0.962174	-0.828864	0.003456	-0.008526	-0.559375	img__0_1683168856175245000.png
1683168846540	7.731901	-1.273058	-0.963302	-0.828519	0.004699	-0.009716	-0.559857	img__0_1683168856218259000.png
1683168846591	7.766848	-1.187091	-0.965219	-0.828135	0.006094	-0.010935	-0.560389	img__0_1683168856268801000.png
1683168846636	7.797428	-1.111756	-0.967200	-0.827835	0.007757	-0.011508	-0.560799	img__0_1683168856314136000.png
1683168846702	7.841852	-1.002311	-0.971303	-0.827429	0.010039	-0.013294	-0.561324	img__0_1683168856381852000.png
1683168846753	7.875823	-0.918740	-0.975829	-0.827166	0.012266	-0.014099	-0.561647	img__0_1683168856430941000.png
1683168846798	7.905567	-0.845825	-0.980655	-0.826993	0.014414	-0.014686	-0.561836	img__0_1683168856477877000.png
1683168846846	7.937093	-0.768989	-0.986308	-0.826902	0.015852	-0.016302	-0.561886	img__0_1683168856526337000.png
1683168846900	7.972305	-0.683767	-0.991872	-0.826888	0.018584	-0.017665	-0.561782	img__0_1683168856578452000.png
1683168846945	8.001442	-0.613798	-0.994997	-0.827057	0.018311	-0.020058	-0.561461	img__0_1683168856622960000.png
1683168847011	8.043718	-0.513118	-0.999071	-0.827308	0.019615	-0.021644	-0.560988	img__0_1683168856689819000.png
1683168847062	8.075974	-0.436936	-1.000941	-0.827652	0.018819	-0.022209	-0.560486	img__0_1683168856740681000.png
1683168847113	8.107796	-0.362298	-1.004090	-0.827920	0.016709	-0.022695	-0.560137	img__0_1683168856791163000.png
1683168847152	8.131746	-0.306324	-1.009421	-0.827999	0.013570	-0.023487	-0.560072	img__0_1683168856829814000.png
1683168847200	8.160771	-0.238311	-1.013557	-0.827727	0.002982	-0.021775	-0.560700	img__0_1683168856880442000.png
1683168847248	8.189144	-0.170941	-1.015246	-0.826933	-0.002369	-0.017415	-0.562026	img__0_1683168856927369000.png
1683168847299	8.218495	-0.099792	-1.016418	-0.825503	-0.010963	-0.018024	-0.564003	img__0_1683168856979168000.png
1683168847353	8.248391	-0.024595	-1.018893	-0.823194	-0.017277	-0.018544	-0.567195	img__0_1683168857032446000.png
1683168847413	8.279975	0.059139	-1.020446	-0.819690	-0.026422	-0.019482	-0.571867	img__0_1683168857091861000.png
1683168847461	8.303889	0.126514	-1.018564	-0.816130	-0.032447	-0.019029	-0.576643	img__0_1683168857139986000.png
1683168847509	8.326285	0.194516	-1.016029	-0.811866	-0.036951	-0.021426	-0.582279	img__0_1683168857189777000.png
1683168847560	8.348152	0.267611	-1.013372	-0.806596	-0.042945	-0.022869	-0.589097	img__0_1683168857238335000.png
1683168847605	8.365655	0.332924	-1.010465	-0.801245	-0.045182	-0.024821	-0.596112	img__0_1683168857284304000.png
1683168847656	8.383297	0.407919	-1.006463	-0.794467	-0.047457	-0.026262	-0.604880	img__0_1683168857336366000.png
1683168847707	8.398589	0.483911	-1.000518	-0.787033	-0.049745	-0.027152	-0.614302	img__0_1683168857386316000.png
1683168847758	8.411385	0.560947	-0.992972	-0.779165	-0.051750	-0.026223	-0.624129	img__0_1683168857437720000.png
1683168847830	8.425005	0.671618	-0.980826	-0.767630	-0.050144	-0.024746	-0.638449	img__0_1683168857509958000.png
1683168847878	8.431206	0.746634	-0.972310	-0.759825	-0.047919	-0.023389	-0.647937	img__0_1683168857558019000.png
1683168847920	8.434802	0.813040	-0.964834	-0.752955	-0.045151	-0.022277	-0.656143	img__0_1683168857599767000.png
1683168847980	8.437087	0.909037	-0.954952	-0.743252	-0.040217	-0.020861	-0.667476	img__0_1683168857659330000.png
1683168848022	8.436856	0.976900	-0.948251	-0.736385	-0.037949	-0.021240	-0.675164	img__0_1683168857700007000.png
1683168848076	8.434418	1.064813	-0.939875	-0.727426	-0.036681	-0.022085	-0.684849	img__0_1683168857755781000.png
1683168848115	8.431166	1.133627	-0.933522	-0.720415	-0.034912	-0.022697	-0.692292	img__0_1683168857795985000.png
1683168848163	8.425452	1.207697	-0.927460	-0.713224	-0.029514	-0.021416	-0.699987	img__0_1683168857842964000.png
1683168848217	8.417011	1.296874	-0.920758	-0.704753	-0.026376	-0.020745	-0.708659	img__0_1683168857896270000.png
1683168848280	8.404680	1.401119	-0.914088	-0.695239	-0.021032	-0.020529	-0.718178	img__0_1683168857960642000.png
1683168848331	8.392957	1.485471	-0.909403	-0.687854	-0.017589	-0.020105	-0.725358	img__0_1683168858009620000.png
1683168848376	8.381446	1.559764	-0.905774	-0.681563	-0.015106	-0.019995	-0.731330	img__0_1683168858054898000.png
1683168848427	8.367186	1.643708	-0.902296	-0.674744	-0.011569	-0.018186	-0.737737	img__0_1683168858106149000.png
1683168848475	8.352733	1.722403	-0.899836	-0.668690	-0.009265	-0.016961	-0.743290	img__0_1683168858153383000.png
1683168848523	8.337432	1.800764	-0.897859	-0.662822	-0.008027	-0.016814	-0.748546	img__0_1683168858202245000.png
1683168848592	8.314092	1.912734	-0.895247	-0.654678	-0.005322	-0.017251	-0.755692	img__0_1683168858270752000.png
1683168848643	8.295925	1.994899	-0.892591	-0.648737	-0.005844	-0.018456	-0.760767	img__0_1683168858323800000.png
1683168848691	8.278080	2.071723	-0.889718	-0.643209	-0.006100	-0.018725	-0.765437	img__0_1683168858372058000.png
1683168848739	8.259502	2.148049	-0.886313	-0.637738	-0.006267	-0.018726	-0.770000	img__0_1683168858419580000.png
1683168848781	8.242643	2.214422	-0.883012	-0.632998	-0.006681	-0.018566	-0.773902	img__0_1683168858461829000.png
1683168848829	8.222664	2.289815	-0.879152	-0.627618	-0.007657	-0.018249	-0.778270	img__0_1683168858508377000.png
1683168848880	8.200592	2.369415	-0.874775	-0.621932	-0.008271	-0.017918	-0.782823	img__0_1683168858559281000.png
1683168848949	8.169333	2.476332	-0.868251	-0.614285	-0.009174	-0.017400	-0.788839	img__0_1683168858630034000.png
1683168848997	8.146615	2.550211	-0.863642	-0.609007	-0.009249	-0.016712	-0.792935	img__0_1683168858677236000.png
1683168849039	8.126101	2.614542	-0.859482	-0.604481	-0.008452	-0.015930	-0.796416	img__0_1683168858719634000.png
1683168849090	8.100449	2.692275	-0.854041	-0.599103	-0.008274	-0.014941	-0.800490	img__0_1683168858769599000.png
1683168849138	8.075604	2.765081	-0.848251	-0.594117	-0.008709	-0.014320	-0.804204	img__0_1683168858817468000.png
1683168849186	8.050076	2.837563	-0.842066	-0.589123	-0.009355	-0.014663	-0.807857	img__0_1683168858864606000.png
1683168849249	8.015487	2.932211	-0.833668	-0.582636	-0.009053	-0.013992	-0.812562	img__0_1683168858927304000.png
1683168849300	7.986594	3.008431	-0.827308	-0.577511	-0.008582	-0.013613	-0.816224	img__0_1683168858979560000.png
1683168849348	7.958714	3.079841	-0.821622	-0.572782	-0.008553	-0.013115	-0.819559	img__0_1683168859026324000.png
1683168849399	7.928396	3.155386	-0.815322	-0.567818	-0.008796	-0.012912	-0.823006	img__0_1683168859077560000.png
1683168849447	7.899199	3.226190	-0.809272	-0.563157	-0.009812	-0.013261	-0.826185	img__0_1683168859128168000.png
1683168849492	7.871222	3.292318	-0.803182	-0.558748	-0.011392	-0.013314	-0.829152	img__0_1683168859171311000.png
1683168849543	7.838749	3.367010	-0.795336	-0.553691	-0.013802	-0.013528	-0.832498	img__0_1683168859223218000.png
1683168849606	7.797355	3.458974	-0.784836	-0.547348	-0.015898	-0.013541	-0.836645	img__0_1683168859285783000.png
1683168849657	7.762707	3.533223	-0.776097	-0.542176	-0.016422	-0.013235	-0.840000	img__0_1683168859336170000.png
1683168849705	7.729139	3.602964	-0.767758	-0.537317	-0.017265	-0.012914	-0.843105	img__0_1683168859383567000.png
1683168849753	7.694633	3.672594	-0.759135	-0.532463	-0.017830	-0.012836	-0.846168	img__0_1683168859432169000.png
1683168849798	7.661419	3.737786	-0.750646	-0.527958	-0.017791	-0.012007	-0.849000	img__0_1683168859478777000.png
1683168849852	7.620465	3.815931	-0.740191	-0.522645	-0.018126	-0.011145	-0.852285	img__0_1683168859532151000.png
1683168849912	7.573593	3.902701	-0.727942	-0.516862	-0.018174	-0.009926	-0.855818	img__0_1683168859592951000.png
1683168849960	7.535054	3.972114	-0.718330	-0.512333	-0.017516	-0.009582	-0.858555	img__0_1683168859640457000.png
1683168850011	7.493130	4.045866	-0.708359	-0.507642	-0.016452	-0.009007	-0.861364	img__0_1683168859689532000.png
1683168850056	7.455344	4.110929	-0.699795	-0.503529	-0.015766	-0.009868	-0.863778	img__0_1683168859736641000.png
1683168850107	7.411639	4.184605	-0.690442	-0.498884	-0.014660	-0.010709	-0.866478	img__0_1683168859785467000.png
1683168850155	7.369686	4.253826	-0.681738	-0.494578	-0.012995	-0.010619	-0.868971	img__0_1683168859835207000.png
1683168850203	7.327005	4.322886	-0.672854	-0.490365	-0.010986	-0.010716	-0.871382	img__0_1683168859882427000.png
1683168850272	7.264521	4.421779	-0.659734	-0.484427	-0.009028	-0.011554	-0.874709	img__0_1683168859953162000.png
1683168850323	7.217531	4.494485	-0.650587	-0.480061	-0.007070	-0.012706	-0.877115	img__0_1683168860004135000.png
1683168850365	7.178357	4.554028	-0.643849	-0.476490	-0.005836	-0.013553	-0.879056	img__0_1683168860046292000.png
1683168850416	7.130263	4.625865	-0.635929	-0.472182	-0.005004	-0.014257	-0.881371	img__0_1683168860094517000.png
1683168850467	7.081623	4.697142	-0.628074	-0.467861	-0.004284	-0.015124	-0.883662	img__0_1683168860146532000.png
1683168850512	7.038264	4.759515	-0.621342	-0.464072	-0.002939	-0.015609	-0.885655	img__0_1683168860191665000.png
1683168850578	6.973999	4.850050	-0.611294	-0.458514	-0.002751	-0.016859	-0.888523	img__0_1683168860258472000.png
1683168850626	6.926757	4.915135	-0.603766	-0.454386	-0.001593	-0.017259	-0.890636	img__0_1683168860305641000.png
1683168850674	6.879110	4.979524	-0.596315	-0.450235	-0.000958	-0.018031	-0.892728	img__0_1683168860352980000.png
1683168850722	6.831081	5.043171	-0.588996	-0.446022	-0.000387	-0.018812	-0.894824	img__0_1683168860401925000.png
1683168850770	6.782670	5.106020	-0.582183	-0.441738	-0.000510	-0.020019	-0.896920	img__0_1683168860449279000.png
1683168850818	6.733870	5.168042	-0.575332	-0.437319	-0.000258	-0.020993	-0.899061	img__0_1683168860499343000.png
1683168850869	6.681584	5.232981	-0.567979	-0.432506	0.001054	-0.021511	-0.901374	img__0_1683168860547686000.png
1683168850932	6.616439	5.311752	-0.558847	-0.426520	0.002471	-0.022093	-0.904205	img__0_1683168860610882000.png
1683168850980	6.566453	5.370651	-0.551668	-0.421934	0.002902	-0.022260	-0.906349	img__0_1683168860659605000.png
1683168851028	6.516201	5.428593	-0.543546	-0.417294	0.004229	-0.022484	-0.908484	img__0_1683168860709175000.png
1683168851076	6.465730	5.485558	-0.534291	-0.412613	0.005426	-0.022657	-0.910609	img__0_1683168860756825000.png
1683168851127	6.411904	5.544934	-0.524300	-0.407694	0.004893	-0.022388	-0.912831	img__0_1683168860806650000.png
1683168851175	6.361055	5.599735	-0.514996	-0.403126	0.004296	-0.021843	-0.914874	img__0_1683168860856545000.png
1683168851223	6.310015	5.653532	-0.505456	-0.398571	0.003956	-0.021609	-0.916874	img__0_1683168860903966000.png
1683168851295	6.233086	5.732436	-0.490017	-0.391769	0.002413	-0.020156	-0.919840	img__0_1683168860976057000.png
1683168851346	6.178290	5.787096	-0.478606	-0.387014	0.000809	-0.019072	-0.921876	img__0_1683168861025997000.png
1683168851388	6.132945	5.831429	-0.468343	-0.383073	0.000746	-0.018472	-0.923533	img__0_1683168861068500000.png
1683168851433	6.084157	5.878290	-0.455851	-0.378837	0.001608	-0.017704	-0.925293	img__0_1683168861113721000.png
1683168851481	6.031925	5.927536	-0.441581	-0.374248	0.003454	-0.017503	-0.927157	img__0_1683168861162185000.png
1683168851532	5.976282	5.978935	-0.427300	-0.369264	0.005320	-0.017528	-0.929144	img__0_1683168861213275000.png
1683168851577	5.927126	6.023417	-0.416720	-0.364744	0.007241	-0.018062	-0.930904	img__0_1683168861258324000.png
1683168851643	5.855070	6.087075	-0.405151	-0.358046	0.007046	-0.018948	-0.933485	img__0_1683168861323971000.png
1683168851691	5.802689	6.132078	-0.401501	-0.353089	0.005339	-0.019970	-0.935361	img__0_1683168861372194000.png
1683168851742	5.746948	6.178706	-0.401315	-0.347829	0.003135	-0.019174	-0.937357	img__0_1683168861421618000.png
1683168851790	5.694309	6.221535	-0.404560	-0.343127	0.000085	-0.019689	-0.939083	img__0_1683168861471724000.png
1683168851838	5.641396	6.263471	-0.409205	-0.338655	-0.002366	-0.016660	-0.940760	img__0_1683168861517435000.png
1683168851886	5.588115	6.304643	-0.415638	-0.334664	-0.007985	-0.012732	-0.942218	img__0_1683168861567000000.png
1683168851949	5.517422	6.358038	-0.424095	-0.329449	-0.013979	-0.007547	-0.944040	img__0_1683168861629526000.png
1683168852000	5.459329	6.401052	-0.430891	-0.325088	-0.020080	-0.006384	-0.945449	img__0_1683168861680984000.png
1683168852051	5.400217	6.444068	-0.437801	-0.320588	-0.024309	-0.004255	-0.946897	img__0_1683168861732553000.png
1683168852102	5.339899	6.487237	-0.444796	-0.315933	-0.026791	-0.003648	-0.948396	img__0_1683168861782022000.png
1683168852153	5.278267	6.530640	-0.451777	-0.311285	-0.027265	-0.002030	-0.949923	img__0_1683168861833682000.png
1683168852201	5.219031	6.571771	-0.458495	-0.306930	-0.028894	-0.001104	-0.951293	img__0_1683168861881483000.png
1683168852249	5.158582	6.613227	-0.465091	-0.302701	-0.028812	0.000188	-0.952650	img__0_1683168861930557000.png
1683168852297	5.096936	6.655056	-0.471312	-0.298601	-0.029923	0.001047	-0.953908	img__0_1683168861978175000.png
1683168852345	5.034025	6.697315	-0.477812	-0.294611	-0.031779	0.001296	-0.955088	img__0_1683168862024850000.png
1683168852420	4.933092	6.764257	-0.487938	-0.288629	-0.031194	0.001298	-0.956932	img__0_1683168862101018000.png
1683168852465	4.870994	6.804948	-0.494109	-0.285157	-0.030237	0.001252	-0.958003	img__0_1683168862145742000.png
1683168852516	4.799283	6.851516	-0.500919	-0.281409	-0.029543	0.001690	-0.959132	img__0_1683168862197032000.png
1683168852558	4.739205	6.890215	-0.506159	-0.278357	-0.027898	0.000504	-0.960072	img__0_1683168862237707000.png
1683168852606	4.669464	6.934767	-0.511844	-0.274895	-0.026065	-0.000589	-0.961121	img__0_1683168862287038000.png
1683168852660	4.589713	6.985226	-0.517804	-0.271234	-0.023810	0.000069	-0.962219	img__0_1683168862341130000.png
1683168852699	4.531316	7.021884	-0.522146	-0.268564	-0.023442	-0.001360	-0.962976	img__0_1683168862380885000.png
1683168852765	4.430945	7.084218	-0.530802	-0.263965	-0.021844	-0.003427	-0.964279	img__0_1683168862445636000.png
1683168852819	4.347465	7.135362	-0.538310	-0.260146	-0.019972	-0.004740	-0.965351	img__0_1683168862498789000.png
1683168852861	4.281753	7.175153	-0.544111	-0.257200	-0.018364	-0.005033	-0.966170	img__0_1683168862542914000.png
1683168852912	4.201119	7.223440	-0.551077	-0.253691	-0.016784	-0.005566	-0.967124	img__0_1683168862591416000.png
1683168852963	4.119630	7.271650	-0.558087	-0.250224	-0.016137	-0.005914	-0.968036	img__0_1683168862643333000.png
1683168853011	4.042167	7.316917	-0.565129	-0.246998	-0.016453	-0.006575	-0.968854	img__0_1683168862690310000.png
1683168853059	3.963917	7.362056	-0.573416	-0.243788	-0.016745	-0.006761	-0.969661	img__0_1683168862739987000.png
1683168853125	3.855041	7.423885	-0.585646	-0.239402	-0.017558	-0.007860	-0.970730	img__0_1683168862805204000.png
1683168853176	3.769868	7.471438	-0.595497	-0.236065	-0.016926	-0.007840	-0.971558	img__0_1683168862857524000.png
1683168853224	3.688910	7.516004	-0.604434	-0.233031	-0.016220	-0.007684	-0.972304	img__0_1683168862903904000.png
1683168853272	3.607200	7.560379	-0.613366	-0.230133	-0.016714	-0.007404	-0.972988	img__0_1683168862951289000.png
1683168853320	3.524751	7.604580	-0.621936	-0.227453	-0.015507	-0.005990	-0.973647	img__0_1683168863001997000.png
1683168853368	3.441631	7.648653	-0.629749	-0.225071	-0.013381	-0.004107	-0.974242	img__0_1683168863049785000.png
1683168853422	3.347423	7.698144	-0.638219	-0.222710	-0.012424	-0.002923	-0.974801	img__0_1683168863101234000.png
1683168853467	3.268402	7.739351	-0.645387	-0.220944	-0.011543	-0.002439	-0.975215	img__0_1683168863149207000.png
1683168853542	3.135738	7.808001	-0.658162	-0.218343	-0.010654	-0.002083	-0.975812	img__0_1683168863223417000.png
1683168853593	3.044910	7.854664	-0.666851	-0.216729	-0.008314	-0.002459	-0.976193	img__0_1683168863273777000.png
1683168853638	2.964455	7.895790	-0.673973	-0.215353	-0.006886	-0.003153	-0.976507	img__0_1683168863319817000.png
1683168853686	2.878363	7.939562	-0.681322	-0.213873	-0.005969	-0.004204	-0.976834	img__0_1683168863367611000.png
1683168853731	2.797418	7.980462	-0.688531	-0.212488	-0.005559	-0.005027	-0.977135	img__0_1683168863410408000.png
1683168853776	2.716258	8.021194	-0.695935	-0.211081	-0.005350	-0.005878	-0.977436	img__0_1683168863457500000.png
1683168853824	2.629476	8.064414	-0.703223	-0.209581	-0.003338	-0.006469	-0.977764	img__0_1683168863505439000.png
1683168853887	2.515310	8.120728	-0.712933	-0.207625	-0.004394	-0.007879	-0.978167	img__0_1683168863569172000.png
1683168853938	2.422614	8.165892	-0.722251	-0.205980	-0.005241	-0.008088	-0.978509	img__0_1683168863618940000.png
1683168853986	2.335107	8.208038	-0.731482	-0.204493	-0.004769	-0.007625	-0.978827	img__0_1683168863666719000.png
1683168854037	2.241874	8.252464	-0.741647	-0.203041	-0.004841	-0.006474	-0.979137	img__0_1683168863716966000.png
1683168854085	2.153893	8.293981	-0.752168	-0.201774	-0.004701	-0.006342	-0.979400	img__0_1683168863765743000.png
1683168854136	2.060185	8.337811	-0.763310	-0.200408	-0.003586	-0.007233	-0.979679	img__0_1683168863816703000.png
1683168854196	1.949705	8.388944	-0.775677	-0.198775	-0.002623	-0.007451	-0.980013	img__0_1683168863876873000.png
1683168854232	1.883319	8.419373	-0.783142	-0.197816	-0.001062	-0.007585	-0.980209	img__0_1683168863913713000.png
1683168854298	1.761553	8.474663	-0.796224	-0.196274	0.002298	-0.005105	-0.980533	img__0_1683168863979076000.png
1683168854346	1.673097	8.514529	-0.804702	-0.195494	0.005208	-0.003890	-0.980683	img__0_1683168864028022000.png
1683168854394	1.584877	8.554168	-0.812404	-0.195037	0.007699	-0.002086	-0.980763	img__0_1683168864076066000.png
1683168854445	1.491558	8.596061	-0.821403	-0.194796	0.009717	-0.002723	-0.980792	img__0_1683168864124929000.png
1683168854493	1.404211	8.635253	-0.830378	-0.194562	0.012211	-0.003735	-0.980807	img__0_1683168864174948000.png
1683168854541	1.317414	8.674166	-0.839105	-0.194288	0.014321	-0.004079	-0.980832	img__0_1683168864221296000.png
1683168854592	1.225896	8.715158	-0.848106	-0.194037	0.016283	-0.003728	-0.980852	img__0_1683168864272907000.png
1683168854640	1.140514	8.753393	-0.856342	-0.193805	0.018932	-0.004709	-0.980846	img__0_1683168864321585000.png
1683168854712	1.014075	8.809989	-0.869285	-0.193284	0.022873	-0.005637	-0.980860	img__0_1683168864394250000.png
1683168854757	0.936220	8.844822	-0.878367	-0.192905	0.024840	-0.005784	-0.980886	img__0_1683168864437026000.png
1683168854808	0.849149	8.883780	-0.888661	-0.192509	0.025732	-0.005486	-0.980942	img__0_1683168864489844000.png
1683168854850	0.778421	8.915439	-0.897405	-0.192252	0.026725	-0.004771	-0.980970	img__0_1683168864531332000.png
1683168854898	0.698673	8.951212	-0.906556	-0.192155	0.029269	-0.002318	-0.980925	img__0_1683168864579909000.png
1683168854949	0.615373	8.988828	-0.915658	-0.192379	0.033529	-0.000809	-0.980747	img__0_1683168864631463000.png
1683168855000	0.533887	9.025955	-0.926417	-0.192248	0.038136	-0.012000	-0.980532	img__0_1683168864680333000.png
1683168855066	0.431695	9.071766	-0.948196	-0.188424	0.046416	-0.039317	-0.980202	img__0_1683168864745643000.png
1683168855111	0.364172	9.100477	-0.966788	-0.183456	0.051407	-0.047168	-0.980549	img__0_1683168864791568000.png
1683168855162	0.289498	9.130620	-0.985448	-0.176663	0.051105	-0.042208	-0.982037	img__0_1683168864843812000.png
1683168855210	0.221002	9.156829	-1.000057	-0.170612	0.046117	-0.040752	-0.983415	img__0_1683168864890317000.png
1683168855258	0.153667	9.181605	-1.006765	-0.164010	0.036810	-0.039733	-0.984971	img__0_1683168864939115000.png
1683168855309	0.083449	9.205940	-1.010694	-0.156487	0.028955	-0.038624	-0.986500	img__0_1683168864990655000.png
1683168855357	0.018394	9.226979	-1.012663	-0.149007	0.024267	-0.036003	-0.987882	img__0_1683168865038665000.png
1683168855408	-0.049773	9.247403	-1.014321	-0.140960	0.022751	-0.031030	-0.989267	img__0_1683168865089895000.png
1683168855468	-0.128749	9.269195	-1.016149	-0.131838	0.021027	-0.027600	-0.990664	img__0_1683168865150019000.png
1683168855522	-0.198745	9.286978	-1.017737	-0.123818	0.018577	-0.024294	-0.991834	img__0_1683168865203526000.png
1683168855570	-0.260182	9.301489	-1.019243	-0.116918	0.016060	-0.021458	-0.992780	img__0_1683168865249807000.png
1683168855618	-0.320982	9.314936	-1.020651	-0.110203	0.013631	-0.019931	-0.993616	img__0_1683168865298274000.png
1683168855666	-0.381239	9.327415	-1.021948	-0.103656	0.011685	-0.017638	-0.994388	img__0_1683168865346850000.png
1683168855720	-0.448462	9.340419	-1.023403	-0.096521	0.010843	-0.016320	-0.995138	img__0_1683168865401780000.png
1683168855768	-0.507751	9.351138	-1.024545	-0.090327	0.010086	-0.016112	-0.995731	img__0_1683168865448310000.png
1683168855813	-0.562958	9.360487	-1.025729	-0.084609	0.009353	-0.015641	-0.996248	img__0_1683168865493820000.png
1683168855885	-0.650568	9.374071	-1.027741	-0.075509	0.009984	-0.016214	-0.996963	img__0_1683168865565301000.png
1683168855933	-0.708462	9.382183	-1.028863	-0.069391	0.010121	-0.016886	-0.997395	img__0_1683168865615047000.png
1683168855984	-0.769511	9.389930	-1.030038	-0.062881	0.010309	-0.016674	-0.997828	img__0_1683168865665727000.png
1683168856026	-0.819413	9.395639	-1.031153	-0.057569	0.010662	-0.016073	-0.998155	img__0_1683168865708321000.png
1683168856074	-0.876013	9.401449	-1.032399	-0.051501	0.010732	-0.016365	-0.998481	img__0_1683168865756322000.png
1683168856122	-0.932151	9.406507	-1.033390	-0.045489	0.010887	-0.015461	-0.998786	img__0_1683168865804636000.png
1683168856188	-1.008571	9.412278	-1.034672	-0.037317	0.009777	-0.016090	-0.999126	img__0_1683168865868331000.png
1683168856236	-1.063622	9.415596	-1.035871	-0.031321	0.008955	-0.015444	-0.999350	img__0_1683168865917354000.png
1683168856290	-1.125066	9.418447	-1.037654	-0.024606	0.007972	-0.016168	-0.999535	img__0_1683168865970185000.png
1683168856335	-1.175913	9.420116	-1.039192	-0.018935	0.007433	-0.016440	-0.999658	img__0_1683168866015520000.png
1683168856380	-1.226460	9.421126	-1.040759	-0.013230	0.006623	-0.016219	-0.999759	img__0_1683168866061546000.png
1683168856431	-1.283416	9.421483	-1.042573	-0.006803	0.005805	-0.015249	-0.999844	img__0_1683168866111317000.png
1683168856476	-1.333410	9.421141	-1.044272	-0.001209	0.005054	-0.015026	-0.999874	img__0_1683168866157748000.png
1683168856539	-1.403044	9.419671	-1.046328	0.006614	0.003620	-0.015605	-0.999850	img__0_1683168866221780000.png
1683168856590	-1.459167	9.417609	-1.047663	0.013072	0.003193	-0.016947	-0.999766	img__0_1683168866270515000.png
1683168856641	-1.515100	9.414705	-1.048885	0.019624	0.001906	-0.017113	-0.999659	img__0_1683168866323654000.png
1683168856689	-1.567614	9.411180	-1.049997	0.025838	0.000954	-0.017110	-0.999519	img__0_1683168866370758000.png
1683168856743	-1.626595	9.406284	-1.051242	0.032930	-0.000186	-0.017971	-0.999296	img__0_1683168866423639000.png
1683168856785	-1.672430	9.401769	-1.052338	0.038520	-0.000561	-0.017692	-0.999101	img__0_1683168866466274000.png
1683168856836	-1.728066	9.395454	-1.053885	0.045365	-0.001661	-0.017874	-0.998809	img__0_1683168866517067000.png
1683168856905	-1.803384	9.385427	-1.056283	0.054882	-0.003707	-0.019835	-0.998289	img__0_1683168866586751000.png
1683168856953	-1.855885	9.377376	-1.057689	0.061770	-0.004883	-0.021632	-0.997844	img__0_1683168866635034000.png
1683168857004	-1.911818	9.367752	-1.058856	0.069328	-0.006091	-0.023548	-0.997297	img__0_1683168866684233000.png
1683168857046	-1.958030	9.358928	-1.059658	0.075754	-0.007299	-0.025427	-0.996776	img__0_1683168866727105000.png
1683168857094	-2.011053	9.347759	-1.060361	0.083255	-0.009141	-0.026799	-0.996126	img__0_1683168866775076000.png
1683168857142	-2.064365	9.335358	-1.061016	0.090902	-0.010655	-0.027483	-0.995424	img__0_1683168866824075000.png
1683168857193	-2.121385	9.320779	-1.061884	0.099128	-0.011230	-0.027214	-0.994639	img__0_1683168866873133000.png
1683168857259	-2.195793	9.299772	-1.062950	0.109928	-0.013215	-0.028762	-0.993435	img__0_1683168866940216000.png
1683168857301	-2.243557	9.285079	-1.063894	0.116961	-0.014386	-0.028878	-0.992612	img__0_1683168866983727000.png
1683168857355	-2.305512	9.264610	-1.065607	0.126090	-0.016133	-0.028912	-0.991466	img__0_1683168867036107000.png
1683168857403	-2.361174	9.244879	-1.068361	0.134274	-0.017390	-0.028170	-0.990391	img__0_1683168867083657000.png
1683168857454	-2.420974	9.222369	-1.072084	0.142893	-0.017659	-0.025515	-0.989252	img__0_1683168867134309000.png
1683168857496	-2.470724	9.202773	-1.074774	0.149764	-0.018245	-0.023838	-0.988266	img__0_1683168867178528000.png
1683168857562	-2.549884	9.170159	-1.079093	0.160270	-0.019091	-0.022700	-0.986627	img__0_1683168867244183000.png
1683168857610	-2.608247	9.145081	-1.082519	0.167684	-0.018458	-0.020365	-0.985458	img__0_1683168867290661000.png
1683168857658	-2.667259	9.118950	-1.085990	0.174862	-0.018587	-0.019321	-0.984228	img__0_1683168867340589000.png
1683168857709	-2.730667	9.090093	-1.089664	0.182236	-0.018038	-0.017835	-0.982928	img__0_1683168867389158000.png
1683168857760	-2.794771	9.060197	-1.092804	0.189226	-0.016338	-0.016005	-0.981667	img__0_1683168867442182000.png
1683168857805	-2.851853	9.033044	-1.095034	0.195008	-0.014887	-0.013991	-0.980589	img__0_1683168867486698000.png
1683168857853	-2.913237	9.003354	-1.097436	0.200770	-0.013690	-0.012485	-0.979463	img__0_1683168867535686000.png
1683168857916	-2.994502	8.963387	-1.100603	0.207842	-0.010447	-0.010717	-0.978048	img__0_1683168867598606000.png
1683168857967	-3.060739	8.930305	-1.103088	0.213237	-0.008264	-0.010182	-0.976912	img__0_1683168867647877000.png
1683168858015	-3.123332	8.898632	-1.105709	0.218146	-0.005607	-0.010151	-0.975847	img__0_1683168867696470000.png
1683168858066	-3.189979	8.864440	-1.108684	0.223215	-0.003764	-0.010448	-0.974706	img__0_1683168867746392000.png
1683168858111	-3.248822	8.833815	-1.111378	0.227570	-0.001784	-0.010008	-0.973709	img__0_1683168867793076000.png
1683168858165	-3.319374	8.796542	-1.114724	0.232627	0.000261	-0.009462	-0.972520	img__0_1683168867845899000.png
1683168858234	-3.409256	8.748166	-1.119153	0.238980	0.002822	-0.010229	-0.970966	img__0_1683168867914324000.png
1683168858285	-3.475363	8.711871	-1.122492	0.243728	0.004175	-0.011630	-0.969765	img__0_1683168867965932000.png
1683168858330	-3.533380	8.679434	-1.125352	0.247989	0.004446	-0.013208	-0.968663	img__0_1683168868011626000.png
1683168858372	-3.587235	8.648751	-1.128098	0.252068	0.004968	-0.014628	-0.967586	img__0_1683168868053915000.png
1683168858420	-3.648394	8.613153	-1.131379	0.256843	0.005659	-0.015798	-0.966308	img__0_1683168868101002000.png
1683168858471	-3.712883	8.574659	-1.134722	0.262032	0.005056	-0.017894	-0.964880	img__0_1683168868151562000.png
1683168858519	-3.773107	8.537717	-1.137612	0.267094	0.004407	-0.020368	-0.963445	img__0_1683168868199565000.png
1683168858585	-3.855155	8.485568	-1.141395	0.274334	0.003495	-0.022792	-0.961358	img__0_1683168868267478000.png
1683168858636	-3.917956	8.444077	-1.144235	0.280033	0.003193	-0.023515	-0.959697	img__0_1683168868318170000.png
1683168858684	-3.976581	8.404038	-1.147000	0.285452	0.003624	-0.023666	-0.958094	img__0_1683168868365235000.png
1683168858735	-4.038337	8.360437	-1.149997	0.291238	0.003953	-0.024048	-0.956340	img__0_1683168868415783000.png
1683168858783	-4.095932	8.318410	-1.152808	0.296673	0.003632	-0.023873	-0.954674	img__0_1683168868464606000.png
1683168858831	-4.153013	8.275396	-1.155989	0.302024	0.002605	-0.023937	-0.952996	img__0_1683168868513128000.png
1683168858876	-4.206089	8.234167	-1.159479	0.306960	0.001854	-0.023392	-0.951433	img__0_1683168868557027000.png
1683168858924	-4.262275	8.189230	-1.163722	0.312094	0.001085	-0.022384	-0.949787	img__0_1683168868604758000.png
1683168858990	-4.338874	8.125893	-1.170816	0.318880	0.000886	-0.019662	-0.947591	img__0_1683168868671483000.png
1683168859038	-4.394150	8.078808	-1.176952	0.323564	0.000893	-0.017461	-0.946045	img__0_1683168868719573000.png
1683168859086	-4.449096	8.030983	-1.183461	0.328034	0.000548	-0.016579	-0.944520	img__0_1683168868768125000.png
1683168859134	-4.503744	7.982474	-1.190117	0.332307	-0.000154	-0.015785	-0.943039	img__0_1683168868816435000.png
1683168859182	-4.558127	7.933309	-1.197006	0.336388	-0.000224	-0.014249	-0.941616	img__0_1683168868865151000.png
1683168859233	-4.615647	7.880422	-1.204487	0.340541	0.001120	-0.012205	-0.940150	img__0_1683168868913632000.png
1683168859305	-4.696356	7.804871	-1.214219	0.346066	0.003201	-0.009089	-0.938161	img__0_1683168868985613000.png
1683168859353	-4.749792	7.754085	-1.220633	0.349528	0.004812	-0.007586	-0.936883	img__0_1683168869034843000.png
1683168859395	-4.796262	7.709454	-1.226318	0.352397	0.006342	-0.006666	-0.935805	img__0_1683168869077350000.png
1683168859446	-4.852277	7.655086	-1.233637	0.355728	0.006666	-0.006402	-0.934544	img__0_1683168869129443000.png
1683168859491	-4.901303	7.606979	-1.240948	0.358510	0.007641	-0.005169	-0.933480	img__0_1683168869173733000.png
1683168859542	-4.956376	7.552374	-1.250764	0.361583	0.009194	-0.004246	-0.932285	img__0_1683168869224784000.png
1683168859590	-5.007694	7.500967	-1.260967	0.364586	0.010821	-0.003700	-0.931099	img__0_1683168869272928000.png
1683168859641	-5.061613	7.446398	-1.272191	0.367843	0.013147	-0.003213	-0.929790	img__0_1683168869322151000.png
1683168859704	-5.127256	7.379112	-1.285070	0.371963	0.014495	-0.003835	-0.928127	img__0_1683168869387059000.png
1683168859752	-5.176519	7.327938	-1.293016	0.375016	0.016043	-0.002299	-0.926877	img__0_1683168869434454000.png
1683168859803	-5.228171	7.273750	-1.297819	0.378179	0.018227	-0.003713	-0.925545	img__0_1683168869485746000.png
1683168859854	-5.278953	7.219766	-1.300790	0.381620	0.019267	-0.006064	-0.924099	img__0_1683168869535058000.png
1683168859905	-5.328702	7.165908	-1.303510	0.385271	0.020112	-0.006400	-0.922562	img__0_1683168869586192000.png
1683168859953	-5.374448	7.115315	-1.307861	0.388694	0.019962	-0.009385	-0.921103	img__0_1683168869635905000.png
1683168860001	-5.419266	7.064728	-1.310289	0.392509	0.020464	-0.018195	-0.919340	img__0_1683168869681803000.png
1683168860049	-5.463086	7.013857	-1.309436	0.397596	0.019386	-0.025843	-0.916992	img__0_1683168869730426000.png
1683168860097	-5.505698	6.962341	-1.306908	0.403720	0.018778	-0.031651	-0.914142	img__0_1683168869780353000.png
1683168860163	-5.562129	6.890019	-1.301948	0.413549	0.018176	-0.035914	-0.909592	img__0_1683168869846114000.png
1683168860211	-5.601517	6.836157	-1.297492	0.421477	0.017942	-0.038333	-0.905851	img__0_1683168869892279000.png
1683168860262	-5.641789	6.777651	-1.292099	0.430518	0.017254	-0.039440	-0.901555	img__0_1683168869945272000.png
1683168860310	-5.678185	6.721312	-1.286632	0.439358	0.014748	-0.040804	-0.897264	img__0_1683168869993527000.png
1683168860358	-5.713164	6.663664	-1.280730	0.448545	0.013465	-0.042582	-0.892644	img__0_1683168870040255000.png
1683168860409	-5.748801	6.600893	-1.273930	0.458645	0.012207	-0.044155	-0.887438	img__0_1683168870089816000.png
1683168860454	-5.778930	6.544131	-1.267635	0.467775	0.011043	-0.044678	-0.882648	img__0_1683168870137372000.png
1683168860529	-5.826430	6.446565	-1.256724	0.483226	0.009455	-0.043878	-0.874345	img__0_1683168870212046000.png
1683168860577	-5.855074	6.382179	-1.249886	0.493074	0.009643	-0.041597	-0.868939	img__0_1683168870260507000.png
1683168860631	-5.885710	6.308064	-1.242340	0.503991	0.008551	-0.040495	-0.862716	img__0_1683168870312811000.png
1683168860676	-5.909992	6.244968	-1.236212	0.512833	0.006254	-0.038800	-0.857588	img__0_1683168870357381000.png
1683168860718	-5.931725	6.185014	-1.230633	0.520738	0.003962	-0.035497	-0.852969	img__0_1683168870401058000.png
1683168860775	-5.959991	6.102108	-1.223304	0.530762	0.000570	-0.031691	-0.846928	img__0_1683168870456629000.png
1683168860817	-5.980085	6.039969	-1.217601	0.537638	-0.002026	-0.029375	-0.842662	img__0_1683168870498239000.png
1683168860868	-6.003810	5.963354	-1.210499	0.545531	-0.003617	-0.027106	-0.837644	img__0_1683168870549336000.png
1683168860931	-6.032279	5.867042	-1.201530	0.554519	-0.005685	-0.023881	-0.831809	img__0_1683168870614202000.png
1683168860973	-6.050862	5.801874	-1.195202	0.560089	-0.006922	-0.022794	-0.828090	img__0_1683168870656622000.png
1683168861024	-6.073085	5.721740	-1.187138	0.566472	-0.007603	-0.021519	-0.823765	img__0_1683168870705280000.png
1683168861078	-6.096265	5.635706	-1.178687	0.572775	-0.008066	-0.020601	-0.819414	img__0_1683168870761288000.png
1683168861120	-6.114069	5.567968	-1.172083	0.577456	-0.007993	-0.021097	-0.816110	img__0_1683168870801990000.png
1683168861168	-6.134166	5.489672	-1.164590	0.582574	-0.007557	-0.019715	-0.812504	img__0_1683168870850893000.png
1683168861222	-6.156468	5.400498	-1.156612	0.588004	-0.008087	-0.020326	-0.808562	img__0_1683168870903126000.png
1683168861285	-6.182061	5.294986	-1.147229	0.594094	-0.007831	-0.021492	-0.804070	img__0_1683168870966201000.png
1683168861330	-6.200026	5.218619	-1.140479	0.598260	-0.008156	-0.021523	-0.800971	img__0_1683168871013554000.png
1683168861378	-6.218891	5.136239	-1.133328	0.602542	-0.007348	-0.021223	-0.797771	img__0_1683168871061814000.png
1683168861432	-6.239727	5.042442	-1.125677	0.607232	-0.005598	-0.019454	-0.794267	img__0_1683168871114869000.png
1683168861477	-6.256747	4.963463	-1.119775	0.610984	-0.004473	-0.018495	-0.791414	img__0_1683168871158332000.png
1683168861525	-6.274558	4.878515	-1.113171	0.614837	-0.003833	-0.017225	-0.788457	img__0_1683168871208803000.png
1683168861591	-6.298460	4.760604	-1.104563	0.619891	-0.002123	-0.015199	-0.784538	img__0_1683168871274232000.png
1683168861639	-6.315422	4.674181	-1.098272	0.623393	-0.001124	-0.012752	-0.781804	img__0_1683168871322515000.png
1683168861690	-6.333083	4.581869	-1.091408	0.626880	-0.001263	-0.011569	-0.779029	img__0_1683168871371529000.png
1683168861744	-6.351413	4.483665	-1.084005	0.630389	0.000842	-0.008787	-0.776229	img__0_1683168871425318000.png
1683168861786	-6.365414	4.407055	-1.078470	0.632982	0.001989	-0.007173	-0.774130	img__0_1683168871469595000.png
1683168861837	-6.382122	4.313868	-1.071891	0.635929	0.000977	-0.006592	-0.771718	img__0_1683168871519207000.png
1683168861885	-6.397599	4.226018	-1.065592	0.638503	0.000600	-0.006330	-0.769593	img__0_1683168871568404000.png
1683168861933	-6.412862	4.138017	-1.059276	0.640923	0.000519	-0.005997	-0.767582	img__0_1683168871616650000.png
1683168862005	-6.435371	4.005713	-1.049651	0.644352	-0.000609	-0.008813	-0.764678	img__0_1683168871686249000.png
1683168862044	-6.447347	3.933822	-1.044022	0.646181	-0.000894	-0.010723	-0.763108	img__0_1683168871727935000.png
1683168862101	-6.464514	3.828346	-1.035289	0.648790	-0.001770	-0.012283	-0.760867	img__0_1683168871784156000.png
1683168862143	-6.476893	3.750264	-1.028525	0.650670	-0.001807	-0.012866	-0.759249	img__0_1683168871826984000.png
1683168862197	-6.492441	3.649375	-1.019994	0.653057	-0.001234	-0.013433	-0.757188	img__0_1683168871880578000.png
1683168862245	-6.505868	3.559212	-1.012985	0.655169	-0.000627	-0.013833	-0.755355	img__0_1683168871927570000.png
1683168862293	-6.518893	3.468598	-1.006639	0.657237	-0.000505	-0.013722	-0.753559	img__0_1683168871976856000.png
1683168862365	-6.537636	3.331835	-0.997960	0.660359	0.000510	-0.015477	-0.750790	img__0_1683168872048847000.png
1683168862413	-6.549530	3.240085	-0.992507	0.662503	0.001502	-0.015690	-0.748893	img__0_1683168872096341000.png
1683168862458	-6.560206	3.153681	-0.987234	0.664537	0.002226	-0.015998	-0.747081	img__0_1683168872139589000.png
1683168862512	-6.572365	3.049508	-0.980887	0.666993	0.003040	-0.016410	-0.744877	img__0_1683168872194844000.png
1683168862551	-6.580680	2.973953	-0.976222	0.668822	0.004351	-0.016285	-0.743231	img__0_1683168872234900000.png
1683168862611	-6.592635	2.857258	-0.969202	0.671681	0.005711	-0.015537	-0.740656	img__0_1683168872293459000.png
1683168862653	-6.600392	2.775297	-0.964034	0.673700	0.006531	-0.015290	-0.738818	img__0_1683168872334607000.png
1683168862704	-6.609103	2.675510	-0.957616	0.676196	0.007497	-0.015086	-0.736529	img__0_1683168872386455000.png
1683168862749	-6.616132	2.587265	-0.951593	0.678440	0.008589	-0.013436	-0.734483	img__0_1683168872433036000.png
1683168862818	-6.625709	2.451772	-0.942951	0.681834	0.009730	-0.009707	-0.731378	img__0_1683168872499767000.png
1683168862866	-6.631582	2.357536	-0.937235	0.684101	0.010911	-0.007184	-0.729270	img__0_1683168872549590000.png
1683168862917	-6.637172	2.257575	-0.931607	0.686445	0.011904	-0.004770	-0.727069	img__0_1683168872600448000.png
1683168862965	-6.641859	2.163763	-0.926650	0.688596	0.013101	-0.004119	-0.725015	img__0_1683168872648805000.png
1683168863016	-6.646240	2.064445	-0.921095	0.690908	0.014012	-0.003106	-0.722800	img__0_1683168872697692000.png
1683168863064	-6.649789	1.971365	-0.915799	0.693099	0.015411	-0.002190	-0.720674	img__0_1683168872746339000.png
1683168863115	-6.652926	1.872982	-0.910623	0.695456	0.016847	-0.001105	-0.718370	img__0_1683168872797947000.png
1683168863166	-6.655406	1.775209	-0.905335	0.697826	0.017507	-0.001153	-0.716052	img__0_1683168872848092000.png
1683168863214	-6.657125	1.683769	-0.900098	0.700087	0.018153	-0.002050	-0.713824	img__0_1683168872896550000.png
1683168863265	-6.658241	1.587231	-0.894660	0.702564	0.019013	-0.002111	-0.711363	img__0_1683168872947366000.png
1683168863310	-6.658593	1.502594	-0.889798	0.704804	0.019434	-0.002326	-0.709132	img__0_1683168872993959000.png
1683168863376	-6.658008	1.379411	-0.882460	0.708166	0.020122	-0.002048	-0.705756	img__0_1683168873057687000.png
1683168863424	-6.656766	1.290544	-0.876430	0.710641	0.020255	-0.001643	-0.703261	img__0_1683168873106732000.png
1683168863475	-6.654691	1.196828	-0.869711	0.713279	0.020895	-0.000779	-0.700568	img__0_1683168873156663000.png
1683168863520	-6.652221	1.114783	-0.863692	0.715604	0.021134	0.000102	-0.698187	img__0_1683168873203206000.png
1683168863568	-6.648950	1.027975	-0.857012	0.718057	0.021767	0.001396	-0.695643	img__0_1683168873252215000.png
1683168863619	-6.644784	0.936601	-0.849477	0.720671	0.023207	0.003382	-0.692881	img__0_1683168873301153000.png
1683168863688	-6.638052	0.814641	-0.839777	0.724348	0.024448	0.006959	-0.688966	img__0_1683168873370580000.png
1683168863739	-6.632348	0.725900	-0.833001	0.727102	0.025013	0.009963	-0.686001	img__0_1683168873420672000.png
1683168863787	-6.626513	0.643594	-0.826746	0.729686	0.025600	0.013240	-0.683174	img__0_1683168873469026000.png
1683168863829	-6.621089	0.572714	-0.822762	0.731921	0.026026	0.014317	-0.680741	img__0_1683168873510804000.png
1683168863877	-6.614526	0.493171	-0.821806	0.734406	0.025428	0.014417	-0.678080	img__0_1683168873558945000.png
1683168863925	-6.607696	0.414839	-0.818902	0.736567	0.021587	0.014853	-0.675856	img__0_1683168873607656000.png
1683168863988	-6.598526	0.313816	-0.815045	0.738588	0.013467	0.013720	-0.673883	img__0_1683168873672018000.png
1683168864042	-6.590700	0.228422	-0.810279	0.739838	0.007988	0.004112	-0.672725	img__0_1683168873724640000.png
1683168864090	-6.583687	0.153092	-0.808330	0.741058	0.003602	-0.002789	-0.671425	img__0_1683168873774343000.png
1683168864138	-6.576469	0.077863	-0.807965	0.742344	0.000393	-0.007938	-0.669972	img__0_1683168873820032000.png
1683168864183	-6.569448	0.007181	-0.808217	0.743591	-0.001505	-0.011551	-0.668533	img__0_1683168873866016000.png
1683168864234	-6.561142	-0.073297	-0.808154	0.745021	-0.004010	-0.015653	-0.666846	img__0_1683168873917222000.png
1683168864282	-6.552925	-0.149591	-0.807604	0.746413	-0.005400	-0.019423	-0.665178	img__0_1683168873963877000.png
1683168864345	-6.541397	-0.250838	-0.807101	0.748426	-0.006264	-0.021725	-0.662833	img__0_1683168874028887000.png
1683168864393	-6.531986	-0.328922	-0.806505	0.750049	-0.006492	-0.024882	-0.660882	img__0_1683168874077246000.png
1683168864441	-6.521946	-0.407916	-0.805877	0.751772	-0.007109	-0.025309	-0.658899	img__0_1683168874124955000.png
1683168864492	-6.510568	-0.492891	-0.805124	0.753656	-0.007425	-0.026820	-0.656679	img__0_1683168874174108000.png
1683168864540	-6.499156	-0.573896	-0.804387	0.755549	-0.006882	-0.027461	-0.654480	img__0_1683168874222498000.png
1683168864591	-6.486222	-0.661090	-0.804112	0.757669	-0.006157	-0.027709	-0.652022	img__0_1683168874272854000.png
1683168864639	-6.473256	-0.744189	-0.804234	0.759765	-0.005255	-0.028262	-0.649562	img__0_1683168874321491000.png
1683168864699	-6.455880	-0.849458	-0.805239	0.762501	-0.004808	-0.028966	-0.646320	img__0_1683168874383432000.png
1683168864759	-6.437139	-0.956282	-0.807380	0.765282	-0.004826	-0.028290	-0.643055	img__0_1683168874441432000.png
1683168864804	-6.422216	-1.037375	-0.809138	0.767428	-0.003287	-0.028630	-0.640487	img__0_1683168874485729000.png
1683168864855	-6.404396	-1.130204	-0.810586	0.769980	-0.001790	-0.026746	-0.637505	img__0_1683168874537281000.png
1683168864900	-6.387867	-1.212848	-0.811630	0.772243	-0.000894	-0.024620	-0.634849	img__0_1683168874584508000.png
1683168864951	-6.368267	-1.307236	-0.812694	0.774756	0.000001	-0.020387	-0.631931	img__0_1683168874633301000.png
1683168865002	-6.347855	-1.402242	-0.813703	0.777077	0.000119	-0.017263	-0.629169	img__0_1683168874685002000.png
1683168865047	-6.329257	-1.486485	-0.814926	0.779021	0.001440	-0.014753	-0.626822	img__0_1683168874730899000.png
1683168865098	-6.307572	-1.582324	-0.817139	0.781125	0.001555	-0.014254	-0.624210	img__0_1683168874780795000.png
1683168865149	-6.285304	-1.678489	-0.819209	0.783076	0.000370	-0.011630	-0.621817	img__0_1683168874831120000.png
1683168865218	-6.254469	-1.809020	-0.821227	0.785354	0.000111	-0.007412	-0.619003	img__0_1683168874900968000.png
1683168865260	-6.235418	-1.888643	-0.822563	0.786530	-0.000255	-0.005989	-0.617522	img__0_1683168874944019000.png
1683168865314	-6.210695	-1.991142	-0.824943	0.787933	0.001200	-0.003983	-0.615747	img__0_1683168874997972000.png
1683168865359	-6.189926	-2.076580	-0.827268	0.789011	0.002170	-0.003245	-0.614367	img__0_1683168875042825000.png
1683168865410	-6.166209	-2.173363	-0.830050	0.790201	0.003679	-0.002556	-0.612832	img__0_1683168875091849000.png
1683168865452	-6.146530	-2.252974	-0.832331	0.791131	0.004120	-0.000835	-0.611633	img__0_1683168875136725000.png
1683168865527	-6.111146	-2.394794	-0.836940	0.792636	0.004113	0.000209	-0.609681	img__0_1683168875210018000.png
1683168865572	-6.089804	-2.479649	-0.839722	0.793471	0.004159	0.000241	-0.608593	img__0_1683168875256567000.png
1683168865617	-6.068380	-2.564319	-0.842592	0.794271	0.004208	0.000075	-0.607549	img__0_1683168875300023000.png
1683168865665	-6.045430	-2.654427	-0.846152	0.795103	0.004696	0.000291	-0.606456	img__0_1683168875347090000.png
1683168865713	-6.022373	-2.744300	-0.850190	0.795930	0.005378	0.000191	-0.605365	img__0_1683168875397065000.png
1683168865761	-5.999190	-2.833926	-0.854162	0.796747	0.005381	-0.000750	-0.604288	img__0_1683168875443433000.png
1683168865827	-5.967051	-2.956782	-0.859268	0.797893	0.006260	-0.001039	-0.602765	img__0_1683168875510237000.png
1683168865875	-5.943452	-3.045836	-0.862844	0.798733	0.006593	-0.001167	-0.601648	img__0_1683168875557531000.png
1683168865923	-5.919651	-3.134634	-0.866143	0.799583	0.006885	-0.001697	-0.600514	img__0_1683168875607442000.png
1683168865974	-5.894109	-3.228702	-0.869591	0.800540	0.008288	-0.002377	-0.599218	img__0_1683168875656053000.png
1683168866022	-5.869777	-3.316948	-0.872733	0.801540	0.009551	-0.002780	-0.597858	img__0_1683168875704856000.png
1683168866073	-5.843554	-3.410359	-0.875903	0.802697	0.010723	-0.003082	-0.596283	img__0_1683168875754995000.png
1683168866118	-5.820053	-3.492444	-0.878985	0.803767	0.011300	-0.002758	-0.594831	img__0_1683168875800080000.png
1683168866181	-5.786567	-3.606776	-0.883987	0.805297	0.012008	-0.001701	-0.592747	img__0_1683168875865554000.png
1683168866232	-5.758992	-3.698781	-0.888112	0.806543	0.012256	-0.000573	-0.591048	img__0_1683168875914701000.png
1683168866280	-5.732687	-3.784876	-0.891895	0.807756	0.014093	0.000158	-0.589348	img__0_1683168875963189000.png
1683168866328	-5.706037	-3.870417	-0.895404	0.809048	0.015311	0.000772	-0.587543	img__0_1683168876011420000.png
1683168866379	-5.677319	-3.960608	-0.899434	0.810495	0.016955	0.001283	-0.585499	img__0_1683168876061630000.png
1683168866427	-5.649891	-4.044766	-0.903601	0.811944	0.017815	0.001895	-0.583461	img__0_1683168876111121000.png
1683168866475	-5.622086	-4.128183	-0.907546	0.813440	0.018013	0.002863	-0.581363	img__0_1683168876157461000.png
1683168866544	-5.581521	-4.246732	-0.912726	0.815574	0.017506	0.005087	-0.578366	img__0_1683168876227699000.png
1683168866598	-5.549386	-4.338297	-0.917619	0.817146	0.017348	0.006487	-0.576134	img__0_1683168876281073000.png
1683168866643	-5.522404	-4.413731	-0.923019	0.818406	0.017251	0.006947	-0.574340	img__0_1683168876326969000.png
1683168866691	-5.493444	-4.493324	-0.929653	0.819721	0.017224	0.007826	-0.572450	img__0_1683168876375030000.png
1683168866739	-5.464342	-4.572016	-0.936677	0.821010	0.017232	0.009072	-0.570581	img__0_1683168876422142000.png
1683168866781	-5.438797	-4.640111	-0.943069	0.822139	0.017452	0.010317	-0.568925	img__0_1683168876465660000.png
1683168866847	-5.398566	-4.745667	-0.952164	0.824039	0.018643	0.011348	-0.566112	img__0_1683168876529461000.png
1683168866901	-5.365591	-4.830608	-0.959323	0.825677	0.019488	0.012772	-0.563662	img__0_1683168876584723000.png
1683168866946	-5.338105	-4.900427	-0.963544	0.827065	0.019670	0.014181	-0.561584	img__0_1683168876630295000.png
1683168866994	-5.308825	-4.973910	-0.965855	0.828530	0.019426	0.016132	-0.559375	img__0_1683168876676608000.png
1683168867039	-5.281487	-5.041724	-0.968208	0.829874	0.020137	0.017691	-0.557306	img__0_1683168876723128000.png
1683168867090	-5.250722	-5.117028	-0.975511	0.831467	0.019584	0.017116	-0.554965	img__0_1683168876772767000.png
1683168867138	-5.221971	-5.186441	-0.986377	0.832865	0.018004	0.016770	-0.552930	img__0_1683168876820409000.png
1683168867204	-5.182740	-5.280003	-1.002043	0.834547	0.018024	0.014600	-0.550449	img__0_1683168876888493000.png
1683168867249	-5.156130	-5.342753	-1.009770	0.835763	0.019058	0.015238	-0.548549	img__0_1683168876932604000.png
1683168867297	-5.127830	-5.408778	-1.014379	0.837249	0.020859	0.012442	-0.546282	img__0_1683168876980716000.png
1683168867351	-5.095968	-5.481787	-1.017873	0.839221	0.022628	0.009648	-0.543234	img__0_1683168877033353000.png
1683168867393	-5.071054	-5.537617	-1.019967	0.840975	0.024524	0.006088	-0.540483	img__0_1683168877077108000.png
1683168867441	-5.042276	-5.600408	-1.021933	0.843266	0.024302	0.003463	-0.536935	img__0_1683168877125774000.png
1683168867510	-5.000087	-5.688864	-1.024123	0.846906	0.025897	-0.001001	-0.531111	img__0_1683168877192284000.png
1683168867558	-4.969999	-5.749194	-1.025264	0.849707	0.024877	-0.001832	-0.526664	img__0_1683168877242936000.png
1683168867609	-4.937313	-5.812265	-1.026150	0.852798	0.026624	-0.003445	-0.521550	img__0_1683168877291668000.png
1683168867657	-4.905817	-5.870649	-1.026434	0.855922	0.027047	-0.002786	-0.516389	img__0_1683168877340229000.png
1683168867708	-4.871568	-5.931609	-1.026138	0.859353	0.028200	-0.003107	-0.510595	img__0_1683168877391418000.png
1683168867753	-4.840659	-5.984425	-1.025707	0.862496	0.027604	-0.001060	-0.504956	img__0_1683168877438294000.png
1683168867804	-4.804927	-6.043152	-1.025015	0.866018	0.027190	0.000821	-0.499272	img__0_1683168877487290000.png
1683168867852	-4.770691	-6.097296	-1.024140	0.869294	0.027914	0.000003	-0.493507	img__0_1683168877535304000.png
1683168867924	-4.718188	-6.176387	-1.023576	0.874319	0.027098	-0.000945	-0.484593	img__0_1683168877607804000.png
1683168867975	-4.680129	-6.230886	-1.024294	0.877886	0.025924	-0.001649	-0.478165	img__0_1683168877657559000.png
1683168868023	-4.643669	-6.281117	-1.025202	0.881207	0.024903	-0.001998	-0.472070	img__0_1683168877707251000.png
1683168868074	-4.604281	-6.333428	-1.026028	0.884690	0.023869	-0.002185	-0.465564	img__0_1683168877759002000.png
1683168868119	-4.568987	-6.378713	-1.026635	0.887705	0.023078	-0.002906	-0.459825	img__0_1683168877801645000.png
1683168868167	-4.530765	-6.426152	-1.027496	0.890890	0.022368	-0.004645	-0.453645	img__0_1683168877852115000.png
1683168868212	-4.494370	-6.469877	-1.028044	0.893833	0.022831	-0.006792	-0.447768	img__0_1683168877896969000.png
1683168868260	-4.454847	-6.515750	-1.028315	0.897013	0.024007	-0.012029	-0.441188	img__0_1683168877943943000.png
1683168868320	-4.404080	-6.572021	-1.029086	0.901138	0.022972	-0.015272	-0.432654	img__0_1683168878005211000.png
1683168868371	-4.359629	-6.619024	-1.029964	0.904644	0.021755	-0.015655	-0.425324	img__0_1683168878055566000.png
1683168868419	-4.316729	-6.662639	-1.030478	0.907873	0.021775	-0.016619	-0.418349	img__0_1683168878104170000.png
1683168868470	-4.269979	-6.708333	-1.030927	0.911311	0.021574	-0.018420	-0.410740	img__0_1683168878152838000.png
1683168868518	-4.224788	-6.750741	-1.031687	0.914567	0.021048	-0.019114	-0.403433	img__0_1683168878200667000.png
1683168868563	-4.181368	-6.790005	-1.032375	0.917568	0.020988	-0.020587	-0.396490	img__0_1683168878247885000.png
1683168868617	-4.127825	-6.836508	-1.033765	0.921162	0.021445	-0.023033	-0.387905	img__0_1683168878300425000.png
1683168868680	-4.063225	-6.889956	-1.035518	0.925284	0.022406	-0.029750	-0.377443	img__0_1683168878363889000.png
1683168868728	-4.012199	-6.930138	-1.037337	0.928630	0.020911	-0.029773	-0.369218	img__0_1683168878411304000.png
1683168868776	-3.959543	-6.969911	-1.039707	0.931901	0.019277	-0.030237	-0.360935	img__0_1683168878460592000.png
1683168868824	-3.905259	-7.009324	-1.042763	0.935126	0.018947	-0.030656	-0.352477	img__0_1683168878509187000.png
1683168868872	-3.849385	-7.048400	-1.046149	0.938385	0.018006	-0.028573	-0.343938	img__0_1683168878555441000.png
1683168868926	-3.784740	-7.091967	-1.049950	0.941833	0.016677	-0.029299	-0.334386	img__0_1683168878608731000.png
1683168868995	-3.699470	-7.147099	-1.054594	0.946080	0.014626	-0.027196	-0.322457	img__0_1683168878680354000.png
1683168869046	-3.634647	-7.187513	-1.057769	0.948985	0.013268	-0.026148	-0.313954	img__0_1683168878729055000.png
1683168869088	-3.580152	-7.220607	-1.060695	0.951254	0.011896	-0.025197	-0.307147	img__0_1683168878772191000.png
1683168869139	-3.512745	-7.260607	-1.063910	0.953832	0.010247	-0.023529	-0.299242	img__0_1683168878823758000.png
1683168869184	-3.452155	-7.295760	-1.067498	0.955916	0.010173	-0.025049	-0.292393	img__0_1683168878869125000.png
1683168869238	-3.378057	-7.337780	-1.072218	0.958384	0.010573	-0.024322	-0.284248	img__0_1683168878920891000.png
1683168869280	-3.319407	-7.370322	-1.075923	0.960199	0.010148	-0.024533	-0.278052	img__0_1683168878965366000.png
1683168869346	-3.225472	-7.421219	-1.081484	0.962917	0.009874	-0.023419	-0.268599	img__0_1683168879031529000.png
1683168869397	-3.151463	-7.460340	-1.085397	0.964879	0.009810	-0.022370	-0.261555	img__0_1683168879080494000.png
1683168869445	-3.080723	-7.496973	-1.088944	0.966624	0.009225	-0.020906	-0.255179	img__0_1683168879129563000.png
1683168869490	-3.013492	-7.531147	-1.092488	0.968150	0.009076	-0.019828	-0.249419	img__0_1683168879174679000.png
1683168869544	-2.931713	-7.571929	-1.097221	0.969877	0.008917	-0.018243	-0.242746	img__0_1683168879227805000.png
1683168869589	-2.862714	-7.605710	-1.101355	0.971227	0.009129	-0.016776	-0.237388	img__0_1683168879273533000.png
1683168869640	-2.783671	-7.643740	-1.106004	0.972681	0.009086	-0.013927	-0.231550	img__0_1683168879324434000.png
1683168869688	-2.708578	-7.679253	-1.110237	0.973931	0.009368	-0.011715	-0.226347	img__0_1683168879372808000.png
1683168869751	-2.609173	-7.725389	-1.115613	0.975446	0.010095	-0.007380	-0.219885	img__0_1683168879434511000.png
1683168869802	-2.528179	-7.762261	-1.120002	0.976552	0.010346	-0.004926	-0.214976	img__0_1683168879485480000.png
1683168869850	-2.451644	-7.796520	-1.124341	0.977507	0.011303	-0.004197	-0.210557	img__0_1683168879532933000.png
1683168869902	-2.370056	-7.832386	-1.129395	0.978476	0.012315	-0.001722	-0.205986	img__0_1683168879584695000.png
1683168869947	-2.297910	-7.863520	-1.134058	0.979282	0.014025	-0.000846	-0.202013	img__0_1683168879630155000.png
1683168869998	-2.216011	-7.898133	-1.139578	0.980179	0.015331	-0.000178	-0.197522	img__0_1683168879680713000.png
1683168870046	-2.138827	-7.929990	-1.145257	0.981012	0.015647	0.001797	-0.193304	img__0_1683168879729205000.png
1683168870118	-2.023037	-7.976379	-1.154657	0.982202	0.016045	0.004875	-0.187077	img__0_1683168879802646000.png
1683168870166	-1.945971	-8.006348	-1.161048	0.982958	0.016777	0.006290	-0.182956	img__0_1683168879849115000.png
1683168870214	-1.869084	-8.035496	-1.167563	0.983696	0.017821	0.008089	-0.178769	img__0_1683168879896905000.png
1683168870268	-1.782898	-8.067222	-1.175467	0.984516	0.018253	0.010200	-0.174042	img__0_1683168879949925000.png
1683168870313	-1.711416	-8.092756	-1.182811	0.985180	0.018279	0.012023	-0.170123	img__0_1683168879997423000.png
1683168870355	-1.645046	-8.115846	-1.190013	0.985786	0.018088	0.013437	-0.166486	img__0_1683168880038179000.png
1683168870403	-1.569665	-8.141363	-1.198448	0.986469	0.017770	0.014483	-0.162338	img__0_1683168880087270000.png
1683168870472	-1.462314	-8.176402	-1.211464	0.987413	0.017437	0.016319	-0.156350	img__0_1683168880154334000.png
1683168870517	-1.393016	-8.198220	-1.220406	0.988022	0.017134	0.016244	-0.152497	img__0_1683168880200973000.png
1683168870568	-1.315168	-8.221994	-1.230814	0.988705	0.017084	0.014418	-0.148199	img__0_1683168880250346000.png
1683168870613	-1.247021	-8.242147	-1.240198	0.989301	0.016680	0.011898	-0.144446	img__0_1683168880296076000.png
1683168870661	-1.174784	-8.262828	-1.250280	0.989910	0.016063	0.009874	-0.140438	img__0_1683168880344472000.png
1683168870715	-1.093974	-8.285131	-1.262018	0.990566	0.015330	0.008794	-0.135894	img__0_1683168880398474000.png
1683168870763	-1.022500	-8.304155	-1.272412	0.991120	0.015534	0.008564	-0.131782	img__0_1683168880447609000.png
1683168870823	-0.933623	-8.326861	-1.285828	0.991797	0.016627	0.008933	-0.126423	img__0_1683168880505562000.png
1683168870874	-0.858492	-8.345179	-1.297328	0.992362	0.018129	0.009196	-0.121675	img__0_1683168880556128000.png
1683168870919	-0.792521	-8.360540	-1.307269	0.992853	0.019399	0.009196	-0.117393	img__0_1683168880601748000.png
1683168870970	-0.718114	-8.376970	-1.318440	0.993387	0.021419	0.008643	-0.112463	img__0_1683168880653213000.png
1683168871015	-0.652739	-8.390595	-1.326579	0.993820	0.024447	0.009021	-0.107906	img__0_1683168880698662000.png
1683168871069	-0.574662	-8.405634	-1.335874	0.994327	0.027814	0.010846	-0.102095	img__0_1683168880751177000.png
1683168871138	-0.475541	-8.422646	-1.344635	0.995037	0.029300	0.011283	-0.094422	img__0_1683168880820156000.png
1683168871186	-0.407033	-8.433031	-1.347176	0.995528	0.029115	0.012553	-0.088987	img__0_1683168880868569000.png
1683168871228	-0.347495	-8.440940	-1.350336	0.995965	0.028863	0.010699	-0.084297	img__0_1683168880911922000.png
1683168871282	-0.271373	-8.449565	-1.355033	0.996513	0.027391	0.004280	-0.078700	img__0_1683168880966470000.png
