TimeStamp	POS_X	POS_Y	POS_Z	Q_W	Q_X	Q_Y	Q_Z	ImageFile
1683167151880	-6.461625	-3.967381	0.000534	0.863633	0.016138	0.001817	-0.503860	img__0_1683167156806591000.png
1683167151946	-6.392867	-4.091627	0.005455	0.865747	0.017164	0.008973	-0.500107	img__0_1683167156871256000.png
1683167151991	-6.345926	-4.175347	0.008334	0.867054	0.018159	0.011631	-0.497748	img__0_1683167156917685000.png
1683167152039	-6.295949	-4.263671	0.011942	0.868332	0.018654	0.017065	-0.495339	img__0_1683167156964971000.png
1683167152096	-6.236954	-4.367064	0.016659	0.869698	0.019180	0.021527	-0.492741	img__0_1683167157021103000.png
1683167152135	-6.196937	-4.436761	0.019659	0.870579	0.019924	0.022609	-0.491105	img__0_1683167157061141000.png
1683167152186	-6.145094	-4.526515	0.022643	0.871736	0.020479	0.023111	-0.489002	img__0_1683167157110650000.png
1683167152252	-6.078839	-4.640428	0.027413	0.873079	0.017238	0.026335	-0.486561	img__0_1683167157177146000.png
1683167152300	-6.031394	-4.721778	0.032240	0.873811	0.013703	0.026685	-0.485339	img__0_1683167157226979000.png
1683167152348	-5.984749	-4.801917	0.036743	0.874076	0.011241	0.032348	-0.484580	img__0_1683167157274437000.png
1683167152399	-5.936440	-4.885600	0.038394	0.873983	0.015617	0.032328	-0.484629	img__0_1683167157324370000.png
1683167152450	-5.889426	-4.967554	0.036370	0.873887	0.022019	0.027457	-0.484853	img__0_1683167157374985000.png
1683167152495	-5.848650	-5.038349	0.032625	0.874017	0.023269	0.020769	-0.484894	img__0_1683167157421477000.png
1683167152543	-5.805515	-5.112335	0.026506	0.874186	0.025384	0.013098	-0.484750	img__0_1683167157469026000.png
1683167152594	-5.759724	-5.189527	0.020976	0.874670	0.025205	0.012493	-0.483903	img__0_1683167157519226000.png
1683167152642	-5.716557	-5.260880	0.016539	0.875542	0.026125	0.006729	-0.482387	img__0_1683167157568908000.png
1683167152714	-5.651248	-5.365582	0.008713	0.877721	0.025691	-0.000152	-0.478483	img__0_1683167157638152000.png
1683167152756	-5.612656	-5.425563	0.004860	0.879342	0.025026	-0.003473	-0.475519	img__0_1683167157682605000.png
1683167152810	-5.562320	-5.501628	0.000479	0.881707	0.024278	-0.007450	-0.471113	img__0_1683167157734395000.png
1683167152858	-5.516782	-5.568357	-0.002706	0.884041	0.024237	-0.011127	-0.466647	img__0_1683167157784675000.png
1683167152909	-5.467410	-5.638424	-0.005725	0.886797	0.023796	-0.013136	-0.461359	img__0_1683167157834045000.png
1683167152954	-5.422937	-5.699592	-0.007793	0.889363	0.023866	-0.015548	-0.456314	img__0_1683167157880891000.png
1683167153002	-5.374484	-5.764204	-0.009297	0.892241	0.023346	-0.017904	-0.450600	img__0_1683167157928594000.png
1683167153065	-5.309156	-5.848088	-0.010699	0.896254	0.022447	-0.016252	-0.442675	img__0_1683167157991772000.png
1683167153113	-5.258093	-5.911291	-0.011776	0.899345	0.022639	-0.015218	-0.436387	img__0_1683167158039559000.png
1683167153164	-5.202703	-5.977732	-0.012954	0.902658	0.021783	-0.013220	-0.429605	img__0_1683167158089627000.png
1683167153212	-5.149559	-6.039555	-0.014725	0.905729	0.022535	-0.012488	-0.423075	img__0_1683167158136500000.png
1683167153269	-5.085244	-6.112024	-0.017495	0.909366	0.022127	-0.010896	-0.415265	img__0_1683167158193578000.png
1683167153308	-5.040540	-6.161003	-0.019622	0.911804	0.022438	-0.010523	-0.409877	img__0_1683167158233832000.png
1683167153374	-4.963618	-6.242723	-0.023689	0.915907	0.023050	-0.010071	-0.400602	img__0_1683167158300082000.png
1683167153422	-4.906711	-6.301221	-0.026354	0.918822	0.023202	-0.011445	-0.393824	img__0_1683167158349033000.png
1683167153470	-4.848971	-6.358932	-0.028786	0.921733	0.022538	-0.010746	-0.387021	img__0_1683167158396547000.png
1683167153524	-4.783010	-6.422911	-0.031867	0.924885	0.023044	-0.010944	-0.379390	img__0_1683167158449274000.png
1683167153569	-4.727269	-6.475466	-0.034065	0.927473	0.022767	-0.011148	-0.373029	img__0_1683167158495435000.png
1683167153623	-4.659444	-6.537621	-0.036235	0.930494	0.022618	-0.012451	-0.365396	img__0_1683167158548262000.png
1683167153671	-4.598230	-6.592029	-0.038599	0.933167	0.022166	-0.011673	-0.358569	img__0_1683167158596640000.png
1683167153716	-4.540078	-6.642328	-0.041020	0.935576	0.021789	-0.012833	-0.352218	img__0_1683167158640544000.png
1683167153764	-4.477234	-6.695258	-0.043508	0.938108	0.020821	-0.012628	-0.345485	img__0_1683167158691333000.png
1683167153830	-4.389475	-6.766884	-0.046520	0.941414	0.020106	-0.012893	-0.336405	img__0_1683167158757028000.png
1683167153878	-4.324697	-6.818156	-0.048552	0.943768	0.019424	-0.009916	-0.329888	img__0_1683167158804840000.png
1683167153929	-4.255102	-6.871849	-0.050854	0.946147	0.020532	-0.008293	-0.322978	img__0_1683167158854543000.png
1683167153977	-4.188951	-6.921584	-0.053124	0.948347	0.020949	-0.007367	-0.316457	img__0_1683167158902470000.png
1683167154025	-4.122212	-6.970504	-0.055346	0.950484	0.021666	-0.008269	-0.309908	img__0_1683167158949942000.png
1683167154073	-4.054852	-7.018596	-0.057352	0.952557	0.021970	-0.011604	-0.303346	img__0_1683167158998769000.png
1683167154145	-3.952416	-7.089222	-0.059434	0.955654	0.023308	-0.013475	-0.293259	img__0_1683167159072293000.png
1683167154193	-3.883081	-7.135244	-0.060738	0.957744	0.024630	-0.012245	-0.286304	img__0_1683167159118484000.png
1683167154235	-3.821735	-7.174741	-0.062116	0.959546	0.025143	-0.011863	-0.280177	img__0_1683167159161972000.png
1683167154283	-3.750871	-7.218981	-0.063695	0.961558	0.024949	-0.012466	-0.273180	img__0_1683167159209494000.png
1683167154334	-3.674680	-7.264916	-0.065907	0.963668	0.024250	-0.011120	-0.265768	img__0_1683167159259982000.png
1683167154382	-3.602215	-7.307182	-0.067732	0.965563	0.023832	-0.010026	-0.258881	img__0_1683167159307454000.png
1683167154430	-3.529068	-7.348495	-0.069625	0.967394	0.023984	-0.008274	-0.252001	img__0_1683167159357302000.png
1683167154496	-3.427510	-7.403659	-0.072965	0.969820	0.024965	-0.005859	-0.242472	img__0_1683167159422572000.png
1683167154550	-3.343723	-7.447341	-0.075455	0.971740	0.025173	-0.004697	-0.234659	img__0_1683167159474829000.png
1683167154595	-3.273484	-7.482724	-0.077071	0.973278	0.025116	-0.004408	-0.228208	img__0_1683167159521253000.png
1683167154646	-3.193440	-7.521669	-0.078990	0.974943	0.025971	-0.004275	-0.220894	img__0_1683167159572126000.png
1683167154691	-3.122440	-7.555009	-0.080272	0.976377	0.026689	-0.003952	-0.214385	img__0_1683167159617891000.png
1683167154748	-3.032015	-7.595794	-0.081652	0.978137	0.027449	-0.004844	-0.206086	img__0_1683167159673058000.png
1683167154790	-2.965024	-7.624811	-0.082039	0.979401	0.027550	-0.005718	-0.199956	img__0_1683167159717287000.png
1683167154841	-2.883216	-7.658854	-0.081989	0.980907	0.026627	-0.005637	-0.192563	img__0_1683167159765866000.png
1683167154901	-2.786321	-7.697218	-0.082346	0.982584	0.025115	-0.004542	-0.184058	img__0_1683167159826241000.png
1683167154949	-2.708378	-7.726673	-0.082423	0.983816	0.024590	-0.004105	-0.177439	img__0_1683167159875239000.png
1683167155000	-2.625199	-7.756813	-0.082017	0.985050	0.023545	-0.003756	-0.170610	img__0_1683167159926036000.png
1683167155051	-2.541687	-7.785801	-0.081196	0.986206	0.022226	-0.002259	-0.164008	img__0_1683167159976106000.png
1683167155099	-2.462857	-7.812076	-0.080256	0.987221	0.019943	-0.000136	-0.158107	img__0_1683167160023861000.png
1683167155147	-2.383911	-7.837449	-0.079036	0.988131	0.017862	0.001454	-0.152566	img__0_1683167160072715000.png
1683167155198	-2.300009	-7.863492	-0.077813	0.988986	0.017216	0.003306	-0.146970	img__0_1683167160122928000.png
1683167155267	-2.186626	-7.897254	-0.077054	0.990036	0.016326	0.004474	-0.139790	img__0_1683167160193907000.png
1683167155321	-2.098077	-7.922581	-0.075782	0.990779	0.015936	0.004704	-0.134468	img__0_1683167160246106000.png
1683167155366	-2.024435	-7.942954	-0.074817	0.991352	0.015732	0.004788	-0.130192	img__0_1683167160291359000.png
1683167155414	-1.946044	-7.963953	-0.074127	0.991924	0.015795	0.005090	-0.125742	img__0_1683167160340360000.png
1683167155456	-1.877597	-7.981719	-0.073299	0.992397	0.015856	0.005489	-0.121928	img__0_1683167160382595000.png
1683167155507	-1.794686	-8.002529	-0.071939	0.992942	0.015669	0.005887	-0.117417	img__0_1683167160433713000.png
1683167155552	-1.721739	-8.020182	-0.070993	0.993385	0.016348	0.006914	-0.113456	img__0_1683167160479207000.png
1683167155621	-1.610368	-8.045904	-0.069938	0.994039	0.016588	0.009053	-0.107378	img__0_1683167160546001000.png
1683167155669	-1.533321	-8.062832	-0.069095	0.994470	0.017018	0.010078	-0.103146	img__0_1683167160596327000.png
1683167155717	-1.456692	-8.078925	-0.068775	0.994894	0.017283	0.010771	-0.098847	img__0_1683167160643059000.png
1683167155765	-1.380511	-8.094180	-0.068639	0.995304	0.017318	0.011904	-0.094485	img__0_1683167160692464000.png
1683167155813	-1.304821	-8.108602	-0.068361	0.995688	0.017714	0.013422	-0.090066	img__0_1683167160739557000.png
1683167155864	-1.224998	-8.123020	-0.067129	0.996065	0.018502	0.015470	-0.085287	img__0_1683167160790142000.png
1683167155915	-1.145895	-8.136458	-0.065279	0.996454	0.018106	0.016554	-0.080489	img__0_1683167160839907000.png
1683167155963	-1.072200	-8.148167	-0.064138	0.996776	0.018384	0.018014	-0.075997	img__0_1683167160889210000.png
1683167156026	-0.976666	-8.162179	-0.062282	0.997104	0.020177	0.021932	-0.069965	img__0_1683167160951537000.png
1683167156071	-0.909414	-8.171158	-0.061011	0.997317	0.021692	0.024327	-0.065548	img__0_1683167160995989000.png
1683167156119	-0.838721	-8.179700	-0.060097	0.997572	0.022572	0.025470	-0.060760	img__0_1683167161046724000.png
1683167156167	-0.769121	-8.187177	-0.058593	0.997774	0.024125	0.027316	-0.055852	img__0_1683167161092009000.png
1683167156215	-0.700686	-8.193529	-0.056618	0.998050	0.024021	0.027086	-0.050844	img__0_1683167161142028000.png
1683167156263	-0.633475	-8.198699	-0.055269	0.998396	0.023011	0.023923	-0.045860	img__0_1683167161190526000.png
1683167156338	-0.530497	-8.204735	-0.049797	0.998752	0.022283	0.023436	-0.038072	img__0_1683167161265873000.png
1683167156392	-0.457979	-8.207448	-0.046577	0.999030	0.022335	0.019478	-0.032557	img__0_1683167161316803000.png
1683167156431	-0.406310	-8.208601	-0.044081	0.999229	0.021864	0.015776	-0.028538	img__0_1683167161358133000.png
1683167156476	-0.347295	-8.209073	-0.041964	0.999452	0.019822	0.011352	-0.023938	img__0_1683167161403421000.png
1683167156527	-0.281004	-8.208597	-0.040704	0.999641	0.018243	0.005835	-0.018757	img__0_1683167161452675000.png
1683167156572	-0.222754	-8.207391	-0.039492	0.999678	0.018606	-0.009667	-0.014318	img__0_1683167161499612000.png
1683167156641	-0.132625	-8.204065	-0.038630	0.999521	0.018654	-0.023625	-0.007120	img__0_1683167161566948000.png
1683167156689	-0.068742	-8.200715	-0.038327	0.999328	0.020132	-0.030563	-0.001795	img__0_1683167161616098000.png
1683167156734	-0.007642	-8.196760	-0.038147	0.999156	0.021459	-0.034859	0.003527	img__0_1683167161661204000.png
1683167156785	0.063270	-8.191224	-0.038358	0.998950	0.022671	-0.038548	0.009939	img__0_1683167161711958000.png
1683167156836	0.136105	-8.184504	-0.038737	0.998701	0.024631	-0.041338	0.016737	img__0_1683167161761108000.png
1683167156887	0.210997	-8.176502	-0.039222	0.998407	0.025687	-0.044230	0.023828	img__0_1683167161812135000.png
1683167156932	0.278851	-8.168334	-0.039234	0.998092	0.026595	-0.046791	0.030274	img__0_1683167161859060000.png
1683167156986	0.362581	-8.157100	-0.038574	0.997747	0.027670	-0.047658	0.038254	img__0_1683167161911438000.png
1683167157043	0.453776	-8.143440	-0.037427	0.997300	0.029373	-0.048227	0.046948	img__0_1683167161969787000.png
1683167157094	0.537793	-8.129571	-0.035718	0.996911	0.030088	-0.047417	0.054910	img__0_1683167162021855000.png
1683167157142	0.618816	-8.115098	-0.032610	0.996610	0.030351	-0.043857	0.062639	img__0_1683167162068083000.png
1683167157190	0.701684	-8.099152	-0.029084	0.996062	0.032114	-0.043127	0.070494	img__0_1683167162116603000.png
1683167157238	0.786336	-8.081627	-0.025673	0.995712	0.032983	-0.035536	0.078786	img__0_1683167162164828000.png
1683167157286	0.872447	-8.062510	-0.022058	0.995225	0.033245	-0.028286	0.087300	img__0_1683167162213834000.png
1683167157340	0.970683	-8.039068	-0.018159	0.994395	0.034071	-0.025009	0.096917	img__0_1683167162267303000.png
1683167157385	1.053453	-8.017955	-0.014912	0.993639	0.034391	-0.021740	0.105010	img__0_1683167162312796000.png
1683167157460	1.192877	-7.979589	-0.009641	0.992245	0.033381	-0.018733	0.118259	img__0_1683167162387753000.png
1683167157505	1.277295	-7.954669	-0.007092	0.991304	0.032976	-0.017373	0.126205	img__0_1683167162432539000.png
1683167157550	1.362190	-7.928359	-0.004708	0.990344	0.031789	-0.015281	0.134069	img__0_1683167162475597000.png
1683167157598	1.453162	-7.898864	-0.001772	0.989262	0.030547	-0.013343	0.142303	img__0_1683167162523428000.png
1683167157649	1.550203	-7.865938	0.001194	0.988064	0.029138	-0.011231	0.150846	img__0_1683167162575783000.png
1683167157697	1.641800	-7.833514	0.003622	0.986866	0.028493	-0.009790	0.158708	img__0_1683167162624513000.png
1683167157745	1.733583	-7.799761	0.006204	0.985585	0.028949	-0.010146	0.166374	img__0_1683167162670979000.png
1683167157811	1.860047	-7.751110	0.008971	0.983813	0.028233	-0.007409	0.176804	img__0_1683167162738817000.png
1683167157859	1.952096	-7.714154	0.010623	0.982503	0.027228	-0.005358	0.184168	img__0_1683167162785536000.png
1683167157904	2.038355	-7.678363	0.011784	0.981254	0.026315	-0.003422	0.190885	img__0_1683167162832125000.png
1683167157955	2.135986	-7.636559	0.013327	0.979821	0.025773	-0.003337	0.198182	img__0_1683167162883066000.png
1683167158003	2.227724	-7.596057	0.015370	0.978456	0.025798	-0.003061	0.204813	img__0_1683167162930688000.png
1683167158051	2.319300	-7.554447	0.018087	0.977098	0.025518	-0.002534	0.211238	img__0_1683167162977300000.png
1683167158120	2.450619	-7.492691	0.022404	0.975161	0.025076	-0.002390	0.220062	img__0_1683167163046693000.png
1683167158174	2.553097	-7.442780	0.025939	0.973608	0.025407	-0.001648	0.226802	img__0_1683167163101616000.png
1683167158222	2.643923	-7.397213	0.028605	0.972223	0.025476	-0.001416	0.232660	img__0_1683167163149378000.png
1683167158270	2.734483	-7.350536	0.031239	0.970830	0.025443	-0.001058	0.238413	img__0_1683167163196339000.png
1683167158312	2.813491	-7.308804	0.033741	0.969593	0.025609	-0.000844	0.243378	img__0_1683167163237976000.png
1683167158360	2.903496	-7.260037	0.035879	0.968156	0.026138	-0.001519	0.248976	img__0_1683167163285676000.png
1683167158405	2.987606	-7.213262	0.037269	0.966783	0.026670	-0.001481	0.254201	img__0_1683167163332101000.png
1683167158477	3.121632	-7.136361	0.040061	0.964620	0.025531	-0.000471	0.262404	img__0_1683167163403225000.png
1683167158522	3.205030	-7.087078	0.042568	0.963272	0.024859	0.000187	0.267375	img__0_1683167163450209000.png
1683167158579	3.310188	-7.023290	0.044790	0.961563	0.024516	0.001393	0.273485	img__0_1683167163505181000.png
1683167158624	3.392780	-6.971894	0.045758	0.960274	0.021633	0.004180	0.278187	img__0_1683167163552075000.png
1683167158669	3.474926	-6.919715	0.046447	0.959001	0.019282	0.007227	0.282655	img__0_1683167163595982000.png
1683167158720	3.567403	-6.859870	0.048504	0.957605	0.015772	0.011269	0.287431	img__0_1683167163646115000.png
1683167158771	3.659059	-6.799459	0.051131	0.956252	0.013092	0.015097	0.291861	img__0_1683167163696604000.png
1683167158831	3.765608	-6.727895	0.053823	0.954722	0.011639	0.018071	0.296723	img__0_1683167163757424000.png
1683167158876	3.844512	-6.673999	0.055801	0.953610	0.007618	0.021748	0.300163	img__0_1683167163804197000.png
1683167158930	3.937912	-6.609305	0.057764	0.952369	0.005650	0.024402	0.303918	img__0_1683167163857263000.png
1683167158975	4.014630	-6.555515	0.059747	0.951392	0.001126	0.027098	0.306785	img__0_1683167163901316000.png
1683167159023	4.095318	-6.498456	0.062862	0.950457	-0.001274	0.029532	0.309449	img__0_1683167163950079000.png
1683167159071	4.174753	-6.441876	0.066952	0.949543	-0.003988	0.033433	0.311825	img__0_1683167163997690000.png
1683167159119	4.252766	-6.385962	0.070990	0.948744	-0.005105	0.035667	0.313986	img__0_1683167164047490000.png
1683167159185	4.357460	-6.310395	0.075214	0.947611	-0.007724	0.040443	0.316763	img__0_1683167164112789000.png
1683167159236	4.436212	-6.253206	0.078351	0.946804	-0.009925	0.043421	0.318713	img__0_1683167164164091000.png
1683167159281	4.504034	-6.203764	0.080891	0.946170	-0.010311	0.045283	0.320320	img__0_1683167164209073000.png
1683167159329	4.574680	-6.152066	0.084523	0.945558	-0.010102	0.046076	0.322018	img__0_1683167164257093000.png
1683167159380	4.647771	-6.098359	0.089365	0.944868	-0.013620	0.047802	0.323656	img__0_1683167164306232000.png
1683167159428	4.714632	-6.049157	0.093916	0.944550	-0.015847	0.045445	0.324820	img__0_1683167164356406000.png
1683167159491	4.799753	-5.986723	0.099363	0.944571	-0.019910	0.039475	0.325317	img__0_1683167164418762000.png
1683167159539	4.862436	-5.941302	0.096158	0.944858	-0.018019	0.038249	0.324741	img__0_1683167164467023000.png
1683167159587	4.923519	-5.897477	0.089280	0.945208	-0.012863	0.037280	0.324078	img__0_1683167164515600000.png
1683167159641	4.990291	-5.849703	0.078045	0.945320	-0.003537	0.040989	0.323540	img__0_1683167164567253000.png
1683167159686	5.043919	-5.810893	0.063234	0.944862	-0.000003	0.047704	0.323977	img__0_1683167164614057000.png
1683167159737	5.102324	-5.767723	0.043817	0.944434	0.012537	0.046845	0.325105	img__0_1683167164664962000.png
1683167159785	5.155647	-5.727311	0.032147	0.943516	0.020794	0.044184	0.327708	img__0_1683167164711654000.png
1683167159839	5.213595	-5.681654	0.025188	0.942134	0.023418	0.037472	0.332313	img__0_1683167164766127000.png
1683167159899	5.275295	-5.630283	0.020142	0.940493	0.031023	0.018274	0.337900	img__0_1683167164825329000.png
1683167159944	5.320122	-5.590834	0.016573	0.938738	0.036738	0.006070	0.342615	img__0_1683167164872557000.png
1683167159995	5.370051	-5.544673	0.013639	0.936330	0.042220	-0.005814	0.348524	img__0_1683167164921772000.png
1683167160043	5.416555	-5.499357	0.011159	0.933653	0.047284	-0.012729	0.354817	img__0_1683167164970333000.png
1683167160091	5.462808	-5.451817	0.008127	0.930673	0.051475	-0.019422	0.361691	img__0_1683167165017141000.png
1683167160157	5.526357	-5.382272	0.002789	0.926354	0.053957	-0.028156	0.371705	img__0_1683167165083778000.png
1683167160211	5.578656	-5.321609	-0.001309	0.922817	0.053400	-0.032972	0.380092	img__0_1683167165137823000.png
1683167160253	5.619676	-5.272118	-0.003511	0.920092	0.051783	-0.033467	0.386820	img__0_1683167165179528000.png
1683167160307	5.672903	-5.205597	-0.004810	0.916455	0.050486	-0.034057	0.395477	img__0_1683167165234965000.png
1683167160352	5.717689	-5.147765	-0.004098	0.913293	0.050551	-0.035126	0.402624	img__0_1683167165279046000.png
1683167160397	5.762904	-5.087603	-0.002895	0.910090	0.050576	-0.035002	0.409820	img__0_1683167165325258000.png
1683167160445	5.811589	-5.020788	-0.001683	0.906583	0.050981	-0.033872	0.417564	img__0_1683167165373537000.png
1683167160511	5.879220	-4.924250	-0.001972	0.901796	0.049394	-0.031434	0.428178	img__0_1683167165438020000.png
1683167160562	5.931873	-4.846328	-0.001512	0.898025	0.047823	-0.027253	0.436487	img__0_1683167165489693000.png
1683167160610	5.981580	-4.770545	-0.000243	0.894347	0.046507	-0.024024	0.444301	img__0_1683167165536973000.png
1683167160661	6.034400	-4.687589	0.002182	0.890464	0.042358	-0.017740	0.452731	img__0_1683167165589110000.png
1683167160706	6.080862	-4.612499	0.004917	0.886886	0.038967	-0.011229	0.460205	img__0_1683167165635010000.png
1683167160757	6.133117	-4.525589	0.008748	0.882646	0.036525	-0.006334	0.468575	img__0_1683167165685749000.png
1683167160817	6.193773	-4.421065	0.012661	0.877480	0.035683	-0.002663	0.478276	img__0_1683167165744853000.png
1683167160868	6.244488	-4.330472	0.015827	0.873118	0.031308	0.001907	0.486498	img__0_1683167165795306000.png
1683167160916	6.291389	-4.243962	0.018179	0.868995	0.027727	0.005124	0.494016	img__0_1683167165844194000.png
1683167160967	6.340268	-4.150992	0.020104	0.864653	0.024579	0.007466	0.501712	img__0_1683167165894172000.png
1683167161015	6.385331	-4.062697	0.021128	0.860630	0.020829	0.010648	0.508693	img__0_1683167165942679000.png
1683167161063	6.429462	-3.973850	0.021755	0.856733	0.019332	0.010954	0.515282	img__0_1683167165990509000.png
1683167161114	6.475372	-3.878977	0.022883	0.852694	0.018486	0.011629	0.521954	img__0_1683167166042330000.png
1683167161159	6.515026	-3.794916	0.023931	0.849226	0.015713	0.013585	0.527620	img__0_1683167166087982000.png
1683167161210	6.558967	-3.699385	0.024534	0.845476	0.013945	0.013662	0.533657	img__0_1683167166138364000.png
1683167161285	6.621735	-3.558641	0.024778	0.840244	0.011305	0.014950	0.541884	img__0_1683167166214011000.png
1683167161333	6.660823	-3.468543	0.025909	0.837097	0.010988	0.014556	0.546750	img__0_1683167166261257000.png
1683167161378	6.696713	-3.384076	0.027446	0.834261	0.010301	0.014551	0.551081	img__0_1683167166304623000.png
1683167161429	6.736510	-3.288383	0.029292	0.831190	0.009593	0.014439	0.555718	img__0_1683167166357799000.png
1683167161474	6.770880	-3.203994	0.031307	0.828587	0.010433	0.013592	0.559598	img__0_1683167166401755000.png
1683167161522	6.806746	-3.114001	0.032970	0.825826	0.009822	0.015017	0.563640	img__0_1683167166449421000.png
1683167161570	6.841775	-3.024075	0.034544	0.823113	0.010147	0.015594	0.567573	img__0_1683167166498877000.png
1683167161636	6.888586	-2.900531	0.037932	0.819518	0.010190	0.014340	0.572783	img__0_1683167166565129000.png
1683167161687	6.923712	-2.805125	0.041248	0.816849	0.009903	0.014090	0.576595	img__0_1683167166613871000.png
1683167161732	6.953943	-2.720999	0.043669	0.814539	0.009305	0.014482	0.579853	img__0_1683167166660225000.png
1683167161783	6.987370	-2.625752	0.046590	0.812014	0.008495	0.013849	0.583412	img__0_1683167166711843000.png
1683167161831	7.018064	-2.536220	0.049867	0.809725	0.007147	0.013996	0.586600	img__0_1683167166759774000.png
1683167161879	7.048038	-2.446842	0.053249	0.807511	0.007087	0.014142	0.589641	img__0_1683167166807138000.png
1683167161927	7.077291	-2.357645	0.056554	0.805343	0.005310	0.014786	0.592602	img__0_1683167166853799000.png
1683167161990	7.114647	-2.240954	0.061583	0.802617	0.002902	0.016149	0.596269	img__0_1683167166916747000.png
1683167162041	7.144007	-2.146967	0.065165	0.800476	0.000562	0.018340	0.599084	img__0_1683167166967733000.png
1683167162086	7.169242	-2.064534	0.067664	0.798637	-0.001513	0.020103	0.601476	img__0_1683167167015340000.png
1683167162137	7.197104	-1.971796	0.070531	0.796630	-0.003865	0.021496	0.604073	img__0_1683167167063419000.png
1683167162185	7.222619	-1.885299	0.073253	0.794832	-0.004292	0.022109	0.606411	img__0_1683167167112965000.png
1683167162236	7.248963	-1.794299	0.075762	0.792971	-0.004969	0.022497	0.608824	img__0_1683167167164320000.png
1683167162284	7.273042	-1.709537	0.077729	0.791290	-0.005494	0.022402	0.611006	img__0_1683167167210594000.png
1683167162356	7.307872	-1.584073	0.079541	0.788780	-0.007048	0.024450	0.614149	img__0_1683167167283717000.png
1683167162404	7.330216	-1.501652	0.080106	0.787097	-0.008688	0.026308	0.616206	img__0_1683167167332673000.png
1683167162449	7.350508	-1.425387	0.080148	0.785543	-0.009672	0.027632	0.618115	img__0_1683167167378003000.png
1683167162494	7.370187	-1.350103	0.080862	0.783991	-0.010297	0.028828	0.620017	img__0_1683167167422607000.png
1683167162545	7.391706	-1.266070	0.081827	0.782238	-0.011412	0.029689	0.622168	img__0_1683167167472652000.png
1683167162593	7.411249	-1.188207	0.084305	0.780665	-0.011858	0.029122	0.624158	img__0_1683167167520079000.png
1683167162641	7.430141	-1.111539	0.088394	0.779174	-0.012353	0.028102	0.626056	img__0_1683167167568881000.png
1683167162707	7.455112	-1.008073	0.095945	0.777297	-0.013202	0.026411	0.628441	img__0_1683167167635652000.png
1683167162755	7.472569	-0.934350	0.100564	0.776188	-0.014877	0.024152	0.629863	img__0_1683167167683571000.png
1683167162806	7.490533	-0.857667	0.100254	0.775532	-0.016884	0.019927	0.630768	img__0_1683167167733744000.png
1683167162854	7.507147	-0.786926	0.096398	0.775489	-0.021956	0.016304	0.630769	img__0_1683167167782720000.png
1683167162905	7.524817	-0.713309	0.089146	0.776076	-0.026369	0.015556	0.629896	img__0_1683167167832633000.png
1683167162953	7.541666	-0.645626	0.079347	0.777019	-0.027542	0.018841	0.628592	img__0_1683167167880604000.png
1683167162998	7.557602	-0.583801	0.066584	0.777745	-0.026557	0.027676	0.627409	img__0_1683167167924571000.png
1683167163049	7.575405	-0.515891	0.047841	0.777912	-0.019993	0.038902	0.626849	img__0_1683167167976623000.png
1683167163112	7.596247	-0.434700	0.026489	0.776668	-0.005075	0.046564	0.628166	img__0_1683167168040071000.png
1683167163163	7.611578	-0.370706	0.013057	0.774453	0.007390	0.047971	0.630766	img__0_1683167168090960000.png
1683167163211	7.624510	-0.311473	0.005190	0.771438	0.012914	0.045828	0.634521	img__0_1683167168138146000.png
1683167163256	7.635121	-0.256621	0.000707	0.768562	0.017543	0.034027	0.638629	img__0_1683167168185512000.png
1683167163307	7.645377	-0.194878	-0.003345	0.764878	0.025208	0.022873	0.643275	img__0_1683167168233907000.png
1683167163358	7.653980	-0.133002	-0.006044	0.760845	0.028957	0.014233	0.648131	img__0_1683167168284807000.png
1683167163424	7.662995	-0.052054	-0.007428	0.755342	0.031253	0.006311	0.654555	img__0_1683167168353105000.png
1683167163469	7.667943	0.003971	-0.006962	0.751366	0.033229	0.003096	0.659041	img__0_1683167168397571000.png
1683167163523	7.672614	0.072362	-0.006008	0.746362	0.035385	-0.000044	0.664599	img__0_1683167168450792000.png
1683167163565	7.675333	0.126536	-0.004724	0.742460	0.034990	-0.002248	0.668972	img__0_1683167168493031000.png
1683167163613	7.677545	0.189545	-0.002574	0.737968	0.033369	-0.002983	0.674003	img__0_1683167168542604000.png
1683167163664	7.678885	0.257776	-0.000057	0.733111	0.032903	-0.003670	0.679303	img__0_1683167168590875000.png
1683167163712	7.679228	0.323209	0.002497	0.728501	0.033069	-0.004952	0.684228	img__0_1683167168638830000.png
1683167163775	7.678392	0.410880	0.006439	0.722469	0.030473	-0.004079	0.690720	img__0_1683167168704169000.png
1683167163823	7.676782	0.478991	0.008926	0.717834	0.030854	-0.004514	0.695515	img__0_1683167168751672000.png
1683167163871	7.674295	0.548271	0.009931	0.713176	0.029899	-0.003687	0.700338	img__0_1683167168799638000.png
1683167163925	7.670488	0.627508	0.010524	0.707865	0.029460	-0.003402	0.705725	img__0_1683167168852817000.png
1683167163970	7.666496	0.694543	0.010555	0.703447	0.029165	-0.003141	0.710434	img__0_1683167168899768000.png
1683167164021	7.661070	0.771583	0.010287	0.698406	0.027466	-0.000953	0.715174	img__0_1683167168949225000.png
1683167164072	7.654701	0.849605	0.010411	0.693367	0.024505	0.000435	0.720168	img__0_1683167168999501000.png
1683167164132	7.646073	0.942381	0.011954	0.687491	0.020857	0.002925	0.725888	img__0_1683167169059281000.png
1683167164186	7.637269	1.026609	0.013619	0.682191	0.020821	0.003432	0.730870	img__0_1683167169113644000.png
1683167164231	7.629166	1.097269	0.014912	0.677752	0.019428	0.005220	0.735016	img__0_1683167169158751000.png
1683167164279	7.619755	1.173017	0.016507	0.672988	0.019069	0.006473	0.739379	img__0_1683167169207070000.png
1683167164327	7.609490	1.249105	0.017638	0.668081	0.019781	0.007943	0.743784	img__0_1683167169255349000.png
1683167164375	7.598313	1.325494	0.018484	0.663096	0.020307	0.008639	0.748209	img__0_1683167169303937000.png
1683167164441	7.581444	1.430955	0.019981	0.656262	0.019428	0.009491	0.754223	img__0_1683167169370335000.png
1683167164486	7.568938	1.503092	0.020983	0.651604	0.018571	0.009776	0.758269	img__0_1683167169414934000.png
1683167164537	7.553768	1.585033	0.021813	0.646294	0.017501	0.011005	0.762808	img__0_1683167169463855000.png
1683167164588	7.537540	1.667090	0.022252	0.640959	0.017133	0.011732	0.767294	img__0_1683167169515106000.png
1683167164633	7.522337	1.739543	0.022379	0.636131	0.017406	0.013503	0.771267	img__0_1683167169560191000.png
1683167164681	7.505179	1.816823	0.022644	0.630947	0.017189	0.013886	0.775511	img__0_1683167169609459000.png
1683167164729	7.487027	1.894068	0.022836	0.625733	0.017269	0.014331	0.779714	img__0_1683167169658581000.png
1683167164801	7.457925	2.009830	0.023210	0.617992	0.016621	0.014035	0.785883	img__0_1683167169730378000.png
1683167164843	7.439935	2.077284	0.023499	0.613567	0.015531	0.013627	0.789373	img__0_1683167169770147000.png
1683167164894	7.417129	2.159092	0.023523	0.608350	0.014004	0.012826	0.793442	img__0_1683167169822770000.png
1683167164939	7.396204	2.231170	0.023433	0.603844	0.012830	0.012753	0.796897	img__0_1683167169868144000.png
1683167164987	7.373083	2.307903	0.022816	0.599051	0.012024	0.013484	0.800507	img__0_1683167169916097000.png
1683167165038	7.347643	2.389211	0.021918	0.594034	0.011009	0.013639	0.804249	img__0_1683167169966664000.png
1683167165086	7.322913	2.465491	0.020874	0.589445	0.009758	0.013267	0.807640	img__0_1683167170014256000.png
1683167165152	7.287798	2.569953	0.019871	0.583432	0.008780	0.012360	0.812021	img__0_1683167170081216000.png
1683167165203	7.259857	2.650343	0.019858	0.578967	0.008841	0.012170	0.815212	img__0_1683167170130884000.png
1683167165251	7.232929	2.725745	0.020345	0.574867	0.008942	0.012137	0.818108	img__0_1683167170178226000.png
1683167165299	7.205376	2.800894	0.021067	0.570866	0.009115	0.011934	0.820906	img__0_1683167170226592000.png
1683167165347	7.177188	2.875794	0.021669	0.566968	0.009377	0.011737	0.823603	img__0_1683167170274778000.png
1683167165398	7.146544	2.955117	0.022337	0.562921	0.009695	0.011740	0.826370	img__0_1683167170326192000.png
1683167165458	7.109538	3.048092	0.022384	0.558159	0.009309	0.013190	0.829577	img__0_1683167170387728000.png
1683167165515	7.073390	3.135997	0.021651	0.553546	0.010467	0.014285	0.832630	img__0_1683167170443114000.png
1683167165563	7.042146	3.209683	0.020881	0.549615	0.012147	0.014104	0.835211	img__0_1683167170489874000.png
1683167165605	7.014174	3.273938	0.020503	0.546201	0.013418	0.013314	0.837441	img__0_1683167170533415000.png
1683167165653	6.981439	3.347178	0.020235	0.542310	0.015461	0.012570	0.839942	img__0_1683167170581120000.png
1683167165704	6.945708	3.424835	0.020163	0.538143	0.016010	0.012794	0.842605	img__0_1683167170631789000.png
1683167165755	6.908979	3.502337	0.020613	0.533955	0.015789	0.013091	0.845264	img__0_1683167170685049000.png
1683167165803	6.873486	3.575117	0.021127	0.530019	0.014910	0.013372	0.847749	img__0_1683167170730612000.png
1683167165854	6.834836	3.652239	0.022136	0.525869	0.013773	0.013457	0.850348	img__0_1683167170781237000.png
1683167165920	6.783445	3.751655	0.023756	0.520606	0.011223	0.014022	0.853608	img__0_1683167170849569000.png
1683167165965	6.747583	3.819110	0.024632	0.517062	0.009879	0.014431	0.855769	img__0_1683167170894958000.png
1683167166016	6.706183	3.895168	0.025248	0.513082	0.008180	0.014866	0.858172	img__0_1683167170943902000.png
1683167166064	6.666558	3.966323	0.026051	0.509377	0.006605	0.015095	0.860386	img__0_1683167170991460000.png
1683167166112	6.626323	4.036990	0.026025	0.505700	0.004925	0.015354	0.862559	img__0_1683167171041384000.png
1683167166163	6.582977	4.111489	0.025167	0.501855	0.003547	0.015013	0.864814	img__0_1683167171090693000.png
1683167166211	6.541715	4.181055	0.024705	0.498345	0.001810	0.014119	0.866862	img__0_1683167171139060000.png
1683167166280	6.481791	4.280083	0.024933	0.493418	-0.002000	0.014580	0.869668	img__0_1683167171208055000.png
1683167166322	6.445062	4.339709	0.024838	0.490518	-0.003349	0.014355	0.871306	img__0_1683167171251062000.png
1683167166379	6.395007	4.419797	0.024286	0.486717	-0.004408	0.013861	0.873439	img__0_1683167171308707000.png
1683167166421	6.358017	4.478197	0.023883	0.483990	-0.006119	0.013616	0.874946	img__0_1683167171350441000.png
1683167166469	6.315721	4.544356	0.026127	0.481044	-0.008518	0.012942	0.876560	img__0_1683167171398315000.png
1683167166520	6.270852	4.613947	0.031329	0.478173	-0.008955	0.011272	0.878148	img__0_1683167171447935000.png
1683167166565	6.231378	4.674743	0.036823	0.475866	-0.009037	0.009932	0.879415	img__0_1683167171495363000.png
1683167166631	6.173741	4.762893	0.044376	0.472727	-0.008672	0.010017	0.881109	img__0_1683167171559337000.png
1683167166679	6.132007	4.826245	0.049097	0.470663	-0.005820	0.011102	0.882224	img__0_1683167171608995000.png
1683167166730	6.087708	4.892830	0.051284	0.468653	-0.005969	0.012464	0.883274	img__0_1683167171657756000.png
1683167166778	6.045982	4.954761	0.050068	0.467096	-0.001704	0.011009	0.884136	img__0_1683167171706265000.png
1683167166826	6.004111	5.016066	0.045259	0.465536	0.001232	0.012806	0.884935	img__0_1683167171754101000.png
1683167166877	5.959278	5.080602	0.037611	0.463548	0.003629	0.014557	0.885945	img__0_1683167171804867000.png
1683167166925	5.916636	5.140768	0.029206	0.461385	0.003880	0.014899	0.887067	img__0_1683167171853208000.png
1683167166994	5.854560	5.226277	0.017539	0.457511	0.001561	0.017610	0.889028	img__0_1683167171922057000.png
1683167167036	5.816384	5.277722	0.012521	0.454807	0.003997	0.015407	0.890448	img__0_1683167171964621000.png
1683167167084	5.772378	5.336036	0.009068	0.451435	0.005412	0.013896	0.892180	img__0_1683167172013398000.png
1683167167132	5.727920	5.393891	0.006828	0.447847	0.007330	0.012400	0.893994	img__0_1683167172059892000.png
1683167167180	5.682971	5.451377	0.005861	0.444118	0.008810	0.011226	0.895854	img__0_1683167172109307000.png
1683167167231	5.634617	5.512124	0.005496	0.440026	0.009643	0.010227	0.897875	img__0_1683167172159480000.png
1683167167303	5.565253	5.597409	0.005344	0.434029	0.010409	0.009492	0.900789	img__0_1683167172230910000.png
1683167167351	5.518288	5.654002	0.005699	0.429919	0.010306	0.009335	0.902760	img__0_1683167172279522000.png
1683167167390	5.479708	5.699831	0.006223	0.426518	0.009925	0.009367	0.904376	img__0_1683167172319867000.png
1683167167441	5.428679	5.759534	0.006128	0.421949	0.009089	0.009665	0.906522	img__0_1683167172369903000.png
1683167167489	5.380103	5.815472	0.006318	0.417587	0.009222	0.009868	0.908537	img__0_1683167172419620000.png
1683167167540	5.327903	5.874630	0.006882	0.412934	0.009533	0.009708	0.910659	img__0_1683167172470441000.png
1683167167588	5.278207	5.930050	0.007437	0.408538	0.009733	0.009663	0.912638	img__0_1683167172517948000.png
1683167167636	5.227951	5.985221	0.007795	0.404124	0.009624	0.009798	0.914601	img__0_1683167172565953000.png
1683167167702	5.157940	6.060656	0.008182	0.398024	0.009453	0.010270	0.917269	img__0_1683167172631052000.png
1683167167750	5.106372	6.115189	0.008675	0.393572	0.009310	0.010733	0.919184	img__0_1683167172680135000.png
1683167167798	5.054259	6.169423	0.009445	0.389122	0.009250	0.010696	0.921078	img__0_1683167172727491000.png
1683167167849	4.998287	6.226703	0.010138	0.384384	0.008886	0.011130	0.923063	img__0_1683167172778008000.png
1683167167897	4.945049	6.280272	0.010719	0.379889	0.008166	0.011607	0.924923	img__0_1683167172826576000.png
1683167167945	4.891289	6.333470	0.011089	0.375362	0.007856	0.011977	0.926767	img__0_1683167172873055000.png
1683167167996	4.833607	6.389557	0.011171	0.370535	0.007560	0.012147	0.928708	img__0_1683167172926031000.png
1683167168062	4.758123	6.461448	0.010936	0.364287	0.007280	0.012417	0.931176	img__0_1683167172991037000.png
1683167168113	4.699163	6.516446	0.010642	0.359436	0.006973	0.012807	0.933056	img__0_1683167173043509000.png
1683167168158	4.646695	6.564552	0.010402	0.355135	0.006603	0.013072	0.934700	img__0_1683167173086800000.png
1683167168206	4.590286	6.615414	0.010350	0.350536	0.006077	0.013438	0.936433	img__0_1683167173134782000.png
1683167168254	4.533438	6.665778	0.010460	0.345859	0.005152	0.014525	0.938160	img__0_1683167173182083000.png
1683167168302	4.476167	6.715582	0.010499	0.341106	0.004424	0.015490	0.939887	img__0_1683167173232540000.png
1683167168350	4.418496	6.764765	0.010280	0.336230	0.003024	0.016615	0.941629	img__0_1683167173280709000.png
1683167168401	4.356824	6.816262	0.009656	0.330935	0.002435	0.017536	0.943487	img__0_1683167173328912000.png
1683167168467	4.276444	6.881660	0.008546	0.323922	0.002071	0.018494	0.945901	img__0_1683167173395019000.png
1683167168512	4.221277	6.925401	0.007645	0.319058	0.001846	0.018898	0.947545	img__0_1683167173442259000.png
1683167168566	4.154698	6.976943	0.006411	0.313047	0.001579	0.020305	0.949519	img__0_1683167173494579000.png
1683167168611	4.098891	7.019049	0.005090	0.307891	0.002494	0.021235	0.951181	img__0_1683167173539169000.png
1683167168659	4.039008	7.063103	0.003908	0.302262	0.003613	0.021906	0.952966	img__0_1683167173587976000.png
1683167168713	3.971128	7.111572	0.002715	0.295696	0.005478	0.023049	0.954988	img__0_1683167173641327000.png
1683167168773	3.894944	7.164027	0.001417	0.288132	0.007027	0.024047	0.957263	img__0_1683167173703519000.png
1683167168824	3.829479	7.207432	0.000414	0.281472	0.008225	0.024709	0.959216	img__0_1683167173752188000.png
1683167168872	3.767205	7.247267	-0.000569	0.275052	0.009458	0.024963	0.961059	img__0_1683167173800491000.png
1683167168920	3.704250	7.286130	-0.001162	0.268523	0.011311	0.025085	0.962880	img__0_1683167173849284000.png
1683167168968	3.640557	7.324041	-0.001243	0.261896	0.011937	0.024845	0.964702	img__0_1683167173897020000.png
1683167169013	3.580147	7.358720	-0.000954	0.255596	0.011737	0.025125	0.966386	img__0_1683167173943613000.png
1683167169064	3.510864	7.396979	-0.000605	0.248307	0.010715	0.025904	0.968276	img__0_1683167173994710000.png
1683167169139	3.407476	7.451117	-0.000594	0.237476	0.009455	0.025516	0.971012	img__0_1683167174067452000.png
1683167169178	3.353063	7.478263	-0.000717	0.231870	0.009075	0.024918	0.972385	img__0_1683167174108538000.png
1683167169232	3.277025	7.514720	-0.001442	0.224200	0.008445	0.023828	0.974215	img__0_1683167174160918000.png
1683167169286	3.200244	7.549932	-0.002216	0.216610	0.008045	0.023495	0.975942	img__0_1683167174216089000.png
1683167169328	3.140046	7.576475	-0.002595	0.210689	0.007732	0.023566	0.977238	img__0_1683167174257355000.png
1683167169373	3.075088	7.604072	-0.003156	0.204371	0.007883	0.023238	0.978586	img__0_1683167174303062000.png
1683167169424	3.000915	7.634331	-0.003550	0.197330	0.007601	0.021921	0.980062	img__0_1683167174352713000.png
1683167169472	2.930593	7.661870	-0.003690	0.190914	0.007398	0.020342	0.981368	img__0_1683167174401594000.png
1683167169538	2.833157	7.698379	-0.003091	0.182453	0.006748	0.018462	0.983018	img__0_1683167174466284000.png
1683167169589	2.757313	7.725567	-0.002725	0.176252	0.006609	0.016935	0.984177	img__0_1683167174517907000.png
1683167169640	2.681028	7.751939	-0.002384	0.170300	0.005331	0.016378	0.985242	img__0_1683167174570450000.png
1683167169682	2.617922	7.773072	-0.001855	0.165553	0.004513	0.016045	0.986060	img__0_1683167174612818000.png
1683167169733	2.540998	7.798030	-0.000955	0.159988	0.004037	0.015401	0.986991	img__0_1683167174663855000.png
1683167169784	2.463785	7.822229	-0.000017	0.154581	0.003282	0.015257	0.987857	img__0_1683167174712391000.png
1683167169829	2.395449	7.842951	0.000805	0.149924	0.002366	0.015178	0.988578	img__0_1683167174760106000.png
1683167169895	2.294953	7.872271	0.002174	0.143254	0.001383	0.015528	0.989563	img__0_1683167174824353000.png
1683167169946	2.217124	7.894026	0.003087	0.138232	0.001305	0.015305	0.990281	img__0_1683167174877032000.png
1683167169991	2.148342	7.912578	0.003972	0.133944	0.001390	0.014794	0.990878	img__0_1683167174920993000.png
1683167170045	2.065669	7.934057	0.004723	0.128911	0.000840	0.014748	0.991546	img__0_1683167174974826000.png
1683167170087	2.001283	7.950171	0.004953	0.125043	0.000337	0.014992	0.992038	img__0_1683167175018072000.png
1683167170138	1.923038	7.969036	0.005173	0.120346	-0.000887	0.015470	0.992611	img__0_1683167175067777000.png
1683167170207	1.817164	7.993266	0.004823	0.114020	-0.002220	0.015551	0.993354	img__0_1683167175136109000.png
1683167170252	1.748165	8.008266	0.004389	0.109920	-0.003035	0.015592	0.993814	img__0_1683167175180638000.png
1683167170309	1.660889	8.026332	0.003187	0.104735	-0.003739	0.015688	0.994369	img__0_1683167175239902000.png
1683167170357	1.587531	8.040739	0.001965	0.100385	-0.004180	0.015727	0.994816	img__0_1683167175285660000.png
1683167170396	1.528040	8.051891	0.000640	0.096825	-0.004815	0.015892	0.995163	img__0_1683167175324938000.png
1683167170441	1.459545	8.064151	-0.000878	0.092703	-0.005585	0.015978	0.995550	img__0_1683167175372149000.png
1683167170492	1.382155	8.077242	-0.002682	0.087904	-0.006939	0.016656	0.995966	img__0_1683167175422835000.png
1683167170561	1.277941	8.093613	-0.003232	0.081356	-0.008548	0.016475	0.996512	img__0_1683167175490355000.png
1683167170606	1.210350	8.103448	-0.002850	0.077036	-0.009437	0.016755	0.996843	img__0_1683167175536154000.png
1683167170651	1.143107	8.112588	-0.002424	0.072642	-0.010306	0.017287	0.997155	img__0_1683167175582125000.png
1683167170702	1.067365	8.122083	-0.001803	0.067615	-0.011676	0.017730	0.997486	img__0_1683167175631054000.png
1683167170750	0.996596	8.130165	-0.001063	0.062933	-0.013554	0.017264	0.997776	img__0_1683167175679236000.png
1683167170798	0.926420	8.137416	-0.000389	0.058293	-0.016165	0.017878	0.998009	img__0_1683167175728826000.png
1683167170873	0.818312	8.146921	-0.002558	0.050915	-0.019033	0.018274	0.998354	img__0_1683167175802701000.png
1683167170921	0.750269	8.151796	-0.006480	0.045973	-0.020203	0.019034	0.998557	img__0_1683167175849857000.png
1683167170963	0.691393	8.155397	-0.007960	0.041559	-0.019959	0.019591	0.998745	img__0_1683167175892742000.png
1683167171011	0.624842	8.158754	-0.006984	0.036491	-0.019992	0.019613	0.998941	img__0_1683167175940958000.png
1683167171062	0.555160	8.161279	-0.006959	0.031072	-0.019331	0.019913	0.999132	img__0_1683167175991128000.png
1683167171107	0.494435	8.162684	-0.005507	0.026115	-0.015493	0.022984	0.999275	img__0_1683167176037337000.png
1683167171158	0.426389	8.163131	-0.004816	0.020208	-0.012154	0.022217	0.999475	img__0_1683167176088923000.png
1683167171221	0.343194	8.162083	-0.004045	0.012609	-0.005163	0.024177	0.999615	img__0_1683167176151431000.png
1683167171272	0.276175	8.159955	-0.001599	0.006177	0.004559	0.024841	0.999662	img__0_1683167176202431000.png
1683167171317	0.216905	8.156939	-0.001099	0.000304	0.011453	0.024231	0.999641	img__0_1683167176247866000.png
1683167171368	0.149192	8.152307	-0.001391	-0.006560	0.017814	0.025143	0.999504	img__0_1683167176296739000.png
1683167171416	0.084686	8.146760	-0.002328	-0.013271	0.020623	0.024326	0.999403	img__0_1683167176345360000.png
1683167171464	0.019306	8.140102	-0.003036	-0.020257	0.022700	0.025298	0.999217	img__0_1683167176393664000.png
1683167171533	-0.076419	8.128506	-0.003384	-0.030639	0.029105	0.027443	0.998730	img__0_1683167176463213000.png
1683167171584	-0.148784	8.118256	-0.003540	-0.038638	0.033441	0.029036	0.998271	img__0_1683167176513577000.png
1683167171623	-0.205177	8.109395	-0.003387	-0.044890	0.035431	0.029683	0.997922	img__0_1683167176554112000.png
1683167171674	-0.280358	8.096448	-0.002525	-0.053290	0.033408	0.029330	0.997589	img__0_1683167176603154000.png
1683167171722	-0.352478	8.082908	-0.000281	-0.061310	0.030721	0.029051	0.997223	img__0_1683167176652747000.png
1683167171773	-0.430483	8.066988	0.002220	-0.070168	0.025997	0.029903	0.996748	img__0_1683167176703080000.png
1683167171821	-0.505033	8.050480	0.003754	-0.078655	0.022860	0.030212	0.996182	img__0_1683167176752086000.png
1683167171869	-0.580486	8.032537	0.005442	-0.087170	0.022861	0.031210	0.995442	img__0_1683167176798894000.png
1683167171935	-0.685673	8.005431	0.007960	-0.098973	0.021951	0.031637	0.994345	img__0_1683167176866500000.png
1683167171986	-0.768060	7.982483	0.009415	-0.108094	0.021959	0.031486	0.993399	img__0_1683167176916690000.png
1683167172034	-0.846361	7.959385	0.011581	-0.116657	0.017902	0.029289	0.992579	img__0_1683167176963965000.png
1683167172082	-0.925298	7.934880	0.013969	-0.125019	0.015909	0.027847	0.991636	img__0_1683167177013325000.png
1683167172130	-1.004732	7.909086	0.017000	-0.133069	0.016082	0.026318	0.990627	img__0_1683167177060903000.png
1683167172181	-1.089692	7.880281	0.019999	-0.141335	0.013173	0.023791	0.989588	img__0_1683167177111965000.png
1683167172232	-1.175142	7.850132	0.022254	-0.149270	0.012364	0.023141	0.988448	img__0_1683167177162466000.png
1683167172280	-1.255928	7.820607	0.023967	-0.156526	0.010325	0.021626	0.987383	img__0_1683167177211599000.png
1683167172346	-1.367454	7.778318	0.026078	-0.166048	0.009763	0.020780	0.985850	img__0_1683167177275506000.png
1683167172391	-1.443734	7.748429	0.027688	-0.172247	0.007117	0.019007	0.984845	img__0_1683167177320941000.png
1683167172439	-1.525226	7.715694	0.029671	-0.178534	0.005732	0.017866	0.983755	img__0_1683167177369474000.png
1683167172487	-1.606784	7.682154	0.032391	-0.184537	0.004533	0.017531	0.982659	img__0_1683167177416826000.png
1683167172538	-1.693443	7.645658	0.035801	-0.190678	0.002466	0.016989	0.981503	img__0_1683167177468104000.png
1683167172586	-1.774922	7.610518	0.038799	-0.196201	0.001093	0.016419	0.980426	img__0_1683167177515021000.png
1683167172649	-1.881670	7.563304	0.043497	-0.203199	0.002752	0.018459	0.978960	img__0_1683167177578484000.png
1683167172700	-1.967961	7.524062	0.047526	-0.208735	0.004066	0.020283	0.977753	img__0_1683167177631307000.png
1683167172748	-2.049114	7.486200	0.051372	-0.213909	0.005197	0.021655	0.976600	img__0_1683167177677872000.png
1683167172796	-2.130234	7.447362	0.055219	-0.219036	0.004623	0.021084	0.975478	img__0_1683167177725330000.png
1683167172847	-2.216377	7.405045	0.059501	-0.224313	0.005819	0.022047	0.974250	img__0_1683167177776499000.png
1683167172892	-2.292356	7.366805	0.063898	-0.228922	0.005715	0.022445	0.973169	img__0_1683167177821531000.png
1683167172943	-2.378443	7.322384	0.068955	-0.234050	0.006477	0.022897	0.971933	img__0_1683167177873063000.png
1683167173012	-2.494891	7.260401	0.075462	-0.240814	0.005696	0.021444	0.970318	img__0_1683167177943875000.png
1683167173051	-2.560691	7.224456	0.079135	-0.244457	0.006809	0.021163	0.969405	img__0_1683167177982086000.png
1683167173099	-2.641687	7.179249	0.081978	-0.248921	0.006895	0.021583	0.968259	img__0_1683167178029945000.png
1683167173150	-2.727747	7.130136	0.084992	-0.253564	0.005489	0.020037	0.967095	img__0_1683167178079433000.png
1683167173198	-2.808706	7.082945	0.087176	-0.257780	0.003615	0.017976	0.966030	img__0_1683167178129524000.png
1683167173264	-2.919853	7.016746	0.089650	-0.263327	0.001204	0.015896	0.964575	img__0_1683167178193484000.png
1683167173315	-3.005514	6.964705	0.091702	-0.267448	-0.000655	0.014463	0.963463	img__0_1683167178244911000.png
1683167173360	-3.080863	6.918227	0.093523	-0.270960	-0.003328	0.012384	0.962505	img__0_1683167178289617000.png
1683167173411	-3.165900	6.865059	0.096007	-0.274753	-0.006118	0.010327	0.961440	img__0_1683167178341403000.png
1683167173456	-3.240512	6.817801	0.097291	-0.277938	-0.008187	0.008557	0.960526	img__0_1683167178385830000.png
1683167173501	-3.314650	6.770311	0.097362	-0.281028	-0.010912	0.007364	0.959609	img__0_1683167178432345000.png
1683167173552	-3.398008	6.716325	0.096886	-0.284390	-0.013635	0.005697	0.958595	img__0_1683167178482871000.png
1683167173621	-3.509508	6.643230	0.096772	-0.288679	-0.017255	0.002758	0.957267	img__0_1683167178550156000.png
1683167173666	-3.581343	6.595675	0.097509	-0.291225	-0.018915	0.001563	0.956466	img__0_1683167178597816000.png
1683167173720	-3.666520	6.538856	0.098290	-0.294095	-0.020585	0.000691	0.955554	img__0_1683167178649446000.png
1683167173765	-3.736620	6.491758	0.099539	-0.296361	-0.021794	-0.000173	0.954827	img__0_1683167178695973000.png
1683167173813	-3.810462	6.441834	0.101268	-0.298626	-0.022990	-0.001387	0.954092	img__0_1683167178743315000.png
1683167173861	-3.883297	6.392305	0.103289	-0.300737	-0.025132	-0.002627	0.953372	img__0_1683167178791778000.png
1683167173909	-3.955086	6.343235	0.106159	-0.302714	-0.026386	-0.003199	0.952711	img__0_1683167178839337000.png
1683167173975	-4.052012	6.276601	0.111422	-0.305245	-0.028561	-0.004452	0.951835	img__0_1683167178905687000.png
1683167174023	-4.121079	6.228856	0.114980	-0.307015	-0.030411	-0.004959	0.951206	img__0_1683167178953905000.png
1683167174071	-4.188813	6.181802	0.117412	-0.308721	-0.031552	-0.004522	0.950618	img__0_1683167179002281000.png
1683167174122	-4.259315	6.132545	0.119727	-0.310541	-0.032744	-0.005325	0.949981	img__0_1683167179052028000.png
1683167174170	-4.324356	6.086864	0.123487	-0.312125	-0.033710	-0.007183	0.949416	img__0_1683167179101163000.png
1683167174218	-4.388093	6.041934	0.128500	-0.313472	-0.033655	-0.008109	0.948966	img__0_1683167179149375000.png
1683167174281	-4.469655	5.984279	0.134501	-0.314917	-0.031792	-0.009766	0.948536	img__0_1683167179211266000.png
1683167174329	-4.530273	5.941415	0.138361	-0.315627	-0.032733	-0.011665	0.948247	img__0_1683167179258780000.png
1683167174377	-4.589314	5.899803	0.136348	-0.315946	-0.033355	-0.016415	0.948049	img__0_1683167179308570000.png
1683167174425	-4.646797	5.859671	0.128340	-0.315686	-0.036589	-0.022660	0.947887	img__0_1683167179356865000.png
1683167174482	-4.713245	5.814218	0.116207	-0.314588	-0.043416	-0.035158	0.947583	img__0_1683167179411082000.png
1683167174524	-4.760603	5.783195	0.100871	-0.312711	-0.044463	-0.045246	0.947728	img__0_1683167179455881000.png
1683167174575	-4.816378	5.748933	0.075369	-0.308741	-0.044127	-0.051554	0.948722	img__0_1683167179505618000.png
1683167174638	-4.883624	5.710416	0.048575	-0.302658	-0.043513	-0.048191	0.950885	img__0_1683167179568687000.png
1683167174686	-4.933858	5.683299	0.035909	-0.298226	-0.040425	-0.037232	0.952912	img__0_1683167179617876000.png
1683167174734	-4.983011	5.657955	0.027290	-0.294934	-0.044575	-0.019608	0.954276	img__0_1683167179663517000.png
1683167174782	-5.030593	5.634055	0.019582	-0.294271	-0.048569	0.001695	0.954486	img__0_1683167179713758000.png
1683167174830	-5.076121	5.610790	0.012245	-0.296726	-0.048336	0.018124	0.953566	img__0_1683167179761722000.png
1683167174887	-5.127128	5.583037	0.002940	-0.302117	-0.039288	0.032538	0.951905	img__0_1683167179817907000.png
1683167174944	-5.175387	5.554285	-0.003231	-0.308947	-0.024866	0.039481	0.949934	img__0_1683167179875509000.png
1683167174995	-5.216711	5.527097	-0.006607	-0.315681	-0.011884	0.046119	0.947669	img__0_1683167179926922000.png
1683167175046	-5.256613	5.497859	-0.010965	-0.322907	0.002631	0.049471	0.945133	img__0_1683167179976162000.png
1683167175094	-5.293473	5.468226	-0.014299	-0.330269	0.011640	0.056014	0.942152	img__0_1683167180024326000.png
1683167175145	-5.332275	5.434135	-0.016472	-0.338743	0.019709	0.057304	0.938925	img__0_1683167180075073000.png
1683167175187	-5.364148	5.403842	-0.017418	-0.345961	0.025295	0.058887	0.936057	img__0_1683167180118676000.png
1683167175238	-5.402982	5.364271	-0.017095	-0.354916	0.030801	0.059327	0.932505	img__0_1683167180169722000.png
1683167175289	-5.442192	5.321230	-0.017418	-0.364040	0.034725	0.058715	0.928882	img__0_1683167180220192000.png
1683167175352	-5.491390	5.263229	-0.018437	-0.375443	0.038310	0.057329	0.924277	img__0_1683167180281850000.png
1683167175400	-5.529597	5.215350	-0.020409	-0.384152	0.039002	0.054970	0.920806	img__0_1683167180330783000.png
1683167175451	-5.570920	5.161160	-0.022856	-0.393308	0.040005	0.054336	0.916927	img__0_1683167180382137000.png
1683167175499	-5.610481	5.107261	-0.023837	-0.401623	0.043340	0.055021	0.913123	img__0_1683167180429639000.png
1683167175544	-5.648237	5.054038	-0.024252	-0.409563	0.041946	0.053520	0.909744	img__0_1683167180476144000.png
1683167175604	-5.699582	4.978974	-0.024871	-0.419837	0.041921	0.052485	0.905110	img__0_1683167180534304000.png
1683167175646	-5.736178	4.923688	-0.025330	-0.427031	0.039608	0.050857	0.901937	img__0_1683167180575949000.png
1683167175715	-5.797223	4.828468	-0.023883	-0.438955	0.032660	0.047607	0.896652	img__0_1683167180645776000.png
1683167175757	-5.834752	4.768061	-0.021489	-0.446362	0.025420	0.043551	0.893431	img__0_1683167180688272000.png
1683167175805	-5.877783	4.696867	-0.018820	-0.454427	0.023990	0.043298	0.889408	img__0_1683167180736842000.png
1683167175853	-5.920866	4.623397	-0.016745	-0.462520	0.021249	0.043146	0.885303	img__0_1683167180785400000.png
1683167175907	-5.969246	4.538239	-0.013700	-0.471460	0.019808	0.043584	0.880587	img__0_1683167180836976000.png
1683167175952	-6.009410	4.465244	-0.010867	-0.478811	0.018127	0.042793	0.876687	img__0_1683167180882914000.png
1683167176000	-6.052026	4.385434	-0.007478	-0.486573	0.014939	0.040198	0.872587	img__0_1683167180930668000.png
1683167176066	-6.110091	4.272736	-0.002275	-0.496831	0.011199	0.035925	0.867031	img__0_1683167180996703000.png
1683167176117	-6.154445	4.183505	0.001244	-0.504338	0.009882	0.034524	0.862760	img__0_1683167181047040000.png
1683167176165	-6.195734	4.097874	0.003535	-0.511252	0.006986	0.032496	0.858788	img__0_1683167181095037000.png
1683167176219	-6.241586	3.999857	0.005926	-0.518730	0.006462	0.032791	0.854285	img__0_1683167181149443000.png
1683167176258	-6.274282	3.928028	0.008100	-0.523990	0.005822	0.032624	0.851080	img__0_1683167181189257000.png
1683167176306	-6.314013	3.838450	0.011427	-0.530318	0.004920	0.032700	0.847154	img__0_1683167181237377000.png
1683167176375	-6.370009	3.707319	0.015364	-0.539063	0.003679	0.031627	0.841663	img__0_1683167181306854000.png
1683167176423	-6.408199	3.614625	0.019200	-0.544874	0.002718	0.030421	0.837962	img__0_1683167181353217000.png
1683167176474	-6.448048	3.514886	0.023648	-0.550844	0.001075	0.029606	0.834082	img__0_1683167181403859000.png
1683167176519	-6.482551	3.425874	0.027856	-0.555965	-0.000215	0.028053	0.830732	img__0_1683167181449946000.png
1683167176570	-6.520873	3.323948	0.032828	-0.561523	-0.000785	0.026587	0.827033	img__0_1683167181499816000.png
1683167176615	-6.553980	3.233120	0.036481	-0.566176	0.000054	0.024940	0.823907	img__0_1683167181547404000.png
1683167176666	-6.590724	3.129159	0.038267	-0.571142	0.000850	0.024133	0.820496	img__0_1683167181597039000.png
1683167176714	-6.624645	3.030415	0.039295	-0.575582	0.000285	0.022531	0.817433	img__0_1683167181646562000.png
1683167176783	-6.672408	2.887151	0.041109	-0.581301	0.000751	0.018011	0.813489	img__0_1683167181714431000.png
1683167176825	-6.701002	2.799318	0.042836	-0.584444	0.000177	0.015631	0.811284	img__0_1683167181757221000.png
1683167176876	-6.735288	2.692151	0.045437	-0.587929	-0.000761	0.012832	0.808810	img__0_1683167181806301000.png
1683167176924	-6.767177	2.590927	0.049641	-0.590956	-0.002655	0.010348	0.806633	img__0_1683167181855584000.png
1683167176972	-6.798665	2.489450	0.053662	-0.593743	-0.003024	0.009226	0.804596	img__0_1683167181904030000.png
1683167177023	-6.831695	2.381418	0.056628	-0.596341	-0.003560	0.005751	0.802703	img__0_1683167181954420000.png
1683167177071	-6.862463	2.279690	0.059408	-0.598404	-0.005059	0.002131	0.801176	img__0_1683167182002344000.png
1683167177137	-6.904337	2.140044	0.063872	-0.600721	-0.008119	-0.002035	0.799415	img__0_1683167182067416000.png
1683167177188	-6.936363	2.032562	0.067762	-0.602151	-0.010353	-0.005102	0.798299	img__0_1683167182118701000.png
1683167177239	-6.968087	1.925686	0.070809	-0.603359	-0.013160	-0.007003	0.797330	img__0_1683167182169237000.png
1683167177287	-6.997645	1.825779	0.073805	-0.604400	-0.015212	-0.008512	0.796490	img__0_1683167182217400000.png
1683167177332	-7.025053	1.732830	0.076451	-0.605309	-0.017365	-0.009611	0.795743	img__0_1683167182262691000.png
1683167177383	-7.055717	1.628418	0.079536	-0.606325	-0.019170	-0.009818	0.794925	img__0_1683167182313544000.png
1683167177431	-7.084165	1.531067	0.084001	-0.607216	-0.021222	-0.014416	0.794122	img__0_1683167182361201000.png
1683167177491	-7.119160	1.410992	0.089700	-0.608020	-0.025090	-0.018280	0.793314	img__0_1683167182423818000.png
1683167177542	-7.148375	1.310710	0.092991	-0.608596	-0.026494	-0.019836	0.792790	img__0_1683167182472126000.png
1683167177587	-7.173751	1.223656	0.095509	-0.609003	-0.028778	-0.021535	0.792353	img__0_1683167182519971000.png
1683167177644	-7.205377	1.115252	0.101225	-0.609472	-0.030328	-0.023135	0.791889	img__0_1683167182574469000.png
1683167177686	-7.228302	1.036798	0.107123	-0.609689	-0.031030	-0.025724	0.791615	img__0_1683167182618461000.png
1683167177734	-7.254131	0.948749	0.115262	-0.609721	-0.032578	-0.028947	0.791417	img__0_1683167182664399000.png
1683167177800	-7.289011	0.831147	0.124384	-0.609263	-0.034544	-0.036431	0.791377	img__0_1683167182730949000.png
1683167177851	-7.315561	0.743825	0.125244	-0.608396	-0.034696	-0.041166	0.791806	img__0_1683167182781489000.png
1683167177899	-7.340359	0.665371	0.115245	-0.606862	-0.033548	-0.052232	0.792379	img__0_1683167182831460000.png
1683167177947	-7.365345	0.590343	0.099975	-0.604285	-0.034866	-0.061885	0.793596	img__0_1683167182878425000.png
1683167177995	-7.390797	0.518750	0.083009	-0.600980	-0.032053	-0.068458	0.795682	img__0_1683167182926141000.png
1683167178052	-7.421864	0.438185	0.062543	-0.596334	-0.035356	-0.064733	0.799341	img__0_1683167182984640000.png
1683167178094	-7.445105	0.381455	0.050191	-0.593624	-0.047558	-0.050296	0.801760	img__0_1683167183025336000.png
1683167178142	-7.471366	0.319156	0.039067	-0.592976	-0.057178	-0.033673	0.802481	img__0_1683167183073160000.png
1683167178205	-7.504094	0.241304	0.026800	-0.595194	-0.068408	-0.014396	0.800535	img__0_1683167183136815000.png
1683167178253	-7.526376	0.185296	0.012998	-0.599653	-0.063226	-0.002019	0.797756	img__0_1683167183185957000.png
1683167178304	-7.547874	0.127580	0.001503	-0.605118	-0.048444	0.013737	0.794542	img__0_1683167183236695000.png
1683167178352	-7.566209	0.074096	-0.006220	-0.610609	-0.036245	0.024343	0.790728	img__0_1683167183282746000.png
1683167178400	-7.582722	0.020770	-0.011987	-0.616278	-0.026261	0.036524	0.786243	img__0_1683167183331007000.png
1683167178448	-7.597357	-0.033014	-0.016802	-0.622534	-0.020107	0.043882	0.781103	img__0_1683167183380537000.png
1683167178520	-7.615760	-0.115505	-0.022512	-0.632766	-0.013881	0.053073	0.772398	img__0_1683167183450797000.png
1683167178562	-7.624410	-0.165046	-0.025825	-0.639261	-0.012040	0.056849	0.766791	img__0_1683167183493463000.png
1683167178613	-7.632862	-0.226794	-0.028929	-0.647479	-0.009230	0.059735	0.759682	img__0_1683167183543861000.png
1683167178661	-7.638730	-0.286670	-0.031198	-0.655529	-0.007478	0.060641	0.752694	img__0_1683167183591426000.png
1683167178709	-7.642539	-0.348362	-0.033345	-0.663702	-0.006085	0.061633	0.745429	img__0_1683167183641601000.png
1683167178757	-7.644280	-0.411934	-0.035529	-0.671995	-0.004647	0.061213	0.738007	img__0_1683167183689876000.png
1683167178805	-7.643993	-0.477396	-0.037593	-0.680112	-0.002117	0.062706	0.730418	img__0_1683167183736243000.png
1683167178877	-7.639852	-0.579237	-0.040494	-0.692306	0.000524	0.059441	0.719152	img__0_1683167183807904000.png
1683167178922	-7.635173	-0.645043	-0.041658	-0.699522	0.003524	0.059317	0.712136	img__0_1683167183853002000.png
1683167178970	-7.628521	-0.717097	-0.042126	-0.707196	0.004117	0.055643	0.704812	img__0_1683167183900436000.png
1683167179018	-7.620301	-0.790944	-0.041186	-0.714364	0.006547	0.055852	0.697511	img__0_1683167183951418000.png
1683167179063	-7.611176	-0.861864	-0.039880	-0.721086	0.005923	0.051420	0.690910	img__0_1683167183995641000.png
1683167179114	-7.599245	-0.944108	-0.038215	-0.728502	0.004022	0.047159	0.683406	img__0_1683167184046644000.png
1683167179180	-7.581398	-1.053165	-0.036076	-0.737562	0.002578	0.044114	0.673832	img__0_1683167184111077000.png
1683167179228	-7.566774	-1.134156	-0.034348	-0.743922	0.001381	0.042024	0.666942	img__0_1683167184158797000.png
1683167179276	-7.550761	-1.216449	-0.032921	-0.749981	0.001816	0.041122	0.660177	img__0_1683167184207944000.png
1683167179324	-7.533447	-1.299937	-0.030845	-0.755939	-0.000385	0.037283	0.653580	img__0_1683167184256331000.png
1683167179372	-7.514845	-1.384490	-0.028626	-0.761713	-0.003631	0.034505	0.646985	img__0_1683167184304142000.png
1683167179420	-7.494902	-1.469925	-0.027254	-0.767390	-0.007049	0.033105	0.640287	img__0_1683167184351242000.png
1683167179468	-7.473581	-1.556074	-0.026593	-0.772898	-0.007665	0.033785	0.633584	img__0_1683167184399954000.png
1683167179540	-7.438985	-1.686469	-0.025955	-0.781060	-0.009651	0.031944	0.623564	img__0_1683167184472654000.png
1683167179582	-7.417375	-1.763077	-0.025379	-0.785617	-0.009627	0.031756	0.617822	img__0_1683167184514489000.png
1683167179633	-7.389688	-1.856617	-0.024956	-0.790987	-0.009813	0.031098	0.610964	img__0_1683167184564911000.png
1683167179681	-7.362210	-1.945133	-0.024642	-0.795902	-0.010438	0.030276	0.604578	img__0_1683167184613058000.png
1683167179732	-7.331540	-2.039617	-0.024108	-0.800998	-0.011019	0.028609	0.597882	img__0_1683167184662817000.png
1683167179777	-7.303255	-2.123287	-0.023364	-0.805375	-0.011459	0.024564	0.592145	img__0_1683167184710041000.png
1683167179831	-7.267943	-2.223913	-0.022073	-0.810245	-0.011490	0.023259	0.585517	img__0_1683167184762589000.png
1683167179879	-7.235359	-2.313493	-0.020874	-0.814406	-0.012062	0.020050	0.579824	img__0_1683167184811879000.png
1683167179942	-7.190972	-2.431142	-0.019753	-0.819455	-0.011643	0.021162	0.572634	img__0_1683167184874402000.png
1683167179990	-7.155949	-2.520833	-0.018656	-0.823096	-0.010718	0.021373	0.567399	img__0_1683167184923463000.png
1683167180047	-7.112964	-2.627463	-0.017774	-0.827182	-0.010312	0.022961	0.561371	img__0_1683167184980501000.png
1683167180089	-7.080301	-2.706155	-0.017225	-0.830028	-0.008905	0.024020	0.557132	img__0_1683167185020894000.png
1683167180137	-7.041959	-2.796284	-0.016210	-0.833133	-0.007565	0.025310	0.552442	img__0_1683167185069321000.png
1683167180194	-6.994995	-2.903670	-0.014611	-0.836657	-0.007186	0.025374	0.547092	img__0_1683167185126880000.png
1683167180233	-6.961969	-2.977378	-0.013219	-0.838974	-0.007472	0.025403	0.543528	img__0_1683167185165672000.png
1683167180299	-6.904435	-3.102496	-0.009736	-0.842827	-0.008572	0.024709	0.537548	img__0_1683167185232172000.png
1683167180353	-6.855769	-3.205167	-0.006913	-0.845816	-0.008602	0.024966	0.532820	img__0_1683167185284234000.png
1683167180398	-6.814091	-3.290935	-0.005165	-0.848246	-0.008700	0.024231	0.528976	img__0_1683167185329438000.png
1683167180449	-6.765665	-3.388342	-0.003440	-0.850872	-0.008426	0.023356	0.524786	img__0_1683167185381291000.png
1683167180497	-6.718980	-3.480195	-0.001927	-0.853203	-0.007597	0.021173	0.521094	img__0_1683167185428126000.png
1683167180545	-6.671364	-3.572181	0.000629	-0.855364	-0.008133	0.019165	0.517609	img__0_1683167185478204000.png
1683167180596	-6.619813	-3.669996	0.004052	-0.857554	-0.009628	0.017303	0.514013	img__0_1683167185528150000.png
1683167180656	-6.557868	-3.785038	0.006564	-0.860016	-0.010481	0.015705	0.509917	img__0_1683167185588626000.png
1683167180710	-6.501029	-3.888428	0.008855	-0.862180	-0.012256	0.012370	0.506303	img__0_1683167185643724000.png
1683167180752	-6.456192	-3.968637	0.011122	-0.863827	-0.013628	0.007544	0.503548	img__0_1683167185683930000.png
1683167180804	-6.401183	-4.065603	0.014328	-0.865667	-0.014809	0.000131	0.500401	img__0_1683167185734906000.png
1683167180852	-6.349086	-4.156236	0.017806	-0.867205	-0.016061	-0.006177	0.497654	img__0_1683167185784088000.png
1683167180897	-6.300156	-4.240485	0.021574	-0.868515	-0.016490	-0.010869	0.495269	img__0_1683167185830482000.png
1683167180963	-6.228550	-4.362564	0.028233	-0.870211	-0.018082	-0.016940	0.492055	img__0_1683167185895542000.png
1683167181011	-6.176806	-4.449980	0.032350	-0.871329	-0.019841	-0.021636	0.489821	img__0_1683167185943326000.png
1683167181059	-6.125508	-4.536047	0.035503	-0.872435	-0.020858	-0.023776	0.487705	img__0_1683167185992465000.png
1683167181107	-6.074725	-4.620725	0.038751	-0.873475	-0.019928	-0.026859	0.485719	img__0_1683167186039959000.png
1683167181158	-6.021430	-4.709251	0.043957	-0.874435	-0.015898	-0.028233	0.484059	img__0_1683167186091377000.png
1683167181206	-5.972079	-4.791249	0.049615	-0.874853	-0.012255	-0.034094	0.483031	img__0_1683167186137439000.png
1683167181278	-5.900416	-4.911394	0.050347	-0.874821	-0.017374	-0.032559	0.483039	img__0_1683167186209795000.png
1683167181329	-5.851117	-4.994401	0.047922	-0.874725	-0.023219	-0.028750	0.483208	img__0_1683167186260962000.png
1683167181377	-5.805521	-5.070580	0.041216	-0.874686	-0.026906	-0.024127	0.483342	img__0_1683167186310533000.png
1683167181416	-5.768819	-5.131168	0.034294	-0.874717	-0.029110	-0.020042	0.483343	img__0_1683167186349522000.png
1683167181467	-5.721005	-5.208981	0.028518	-0.875151	-0.032058	-0.018755	0.482422	img__0_1683167186400163000.png
1683167181512	-5.678869	-5.276044	0.023174	-0.876178	-0.029986	-0.009436	0.480962	img__0_1683167186445260000.png
1683167181563	-5.630843	-5.350447	0.016152	-0.877767	-0.029030	-0.001294	0.478206	img__0_1683167186494009000.png
1683167181626	-5.570691	-5.440533	0.009019	-0.880351	-0.027571	0.006474	0.473477	img__0_1683167186559716000.png
1683167181677	-5.521031	-5.512239	0.004732	-0.882750	-0.026050	0.014993	0.468880	img__0_1683167186607889000.png
1683167181722	-5.476283	-5.574814	0.002463	-0.885180	-0.024631	0.018095	0.463920	img__0_1683167186655733000.png
1683167181773	-5.424297	-5.645061	0.000379	-0.888154	-0.023717	0.020103	0.458494	img__0_1683167186704167000.png
1683167181824	-5.370883	-5.714658	-0.001558	-0.891311	-0.023422	0.022043	0.452251	img__0_1683167186755550000.png
1683167181875	-5.316002	-5.783664	-0.002970	-0.894682	-0.023515	0.021643	0.445560	img__0_1683167186805987000.png
1683167181923	-5.262998	-5.848057	-0.003994	-0.897948	-0.023429	0.021225	0.438964	img__0_1683167186856104000.png
1683167181983	-5.194878	-5.927729	-0.005890	-0.902141	-0.024433	0.020226	0.430274	img__0_1683167186915273000.png
1683167182031	-5.138927	-5.990753	-0.007938	-0.905596	-0.023680	0.017902	0.423102	img__0_1683167186963717000.png
1683167182079	-5.081800	-6.053111	-0.010158	-0.908998	-0.022912	0.015879	0.415867	img__0_1683167187011761000.png
1683167182127	-5.023588	-6.114781	-0.012635	-0.912318	-0.022862	0.015306	0.408558	img__0_1683167187060838000.png
1683167182175	-4.964328	-6.175739	-0.015521	-0.915595	-0.023794	0.014852	0.401122	img__0_1683167187108537000.png
1683167182223	-4.904044	-6.235939	-0.018866	-0.918860	-0.023769	0.012745	0.393661	img__0_1683167187156641000.png
1683167182298	-4.808023	-6.328435	-0.023604	-0.923716	-0.023289	0.011741	0.382190	img__0_1683167187230035000.png
