TimeStamp	POS_X	POS_Y	POS_Z	Q_W	Q_X	Q_Y	Q_Z	ImageFile
1683230910677	6.423062	-5.016562	0.011187	0.922658	0.019225	-0.005276	0.385104	img__0_1683230944444903000.png
1683230910737	6.487760	-4.942899	0.010328	0.919907	0.019061	-0.004584	0.391646	img__0_1683230944506522000.png
1683230910785	6.539328	-4.883025	0.009894	0.917679	0.018967	-0.003628	0.396854	img__0_1683230944554939000.png
1683230910833	6.590683	-4.822329	0.009535	0.915426	0.018941	-0.003024	0.402030	img__0_1683230944603480000.png
1683230910884	6.644977	-4.756949	0.009042	0.913006	0.018886	-0.002294	0.407502	img__0_1683230944651608000.png
1683230910932	6.695790	-4.694600	0.008598	0.910699	0.018821	-0.001252	0.412640	img__0_1683230944700176000.png
1683230910983	6.749421	-4.627513	0.008124	0.908206	0.018883	-0.000024	0.418097	img__0_1683230944751462000.png
1683230911031	6.799504	-4.563602	0.007692	0.905813	0.018929	0.001422	0.423253	img__0_1683230944798745000.png
1683230911103	6.873772	-4.466398	0.006958	0.902124	0.019036	0.003461	0.431042	img__0_1683230944872246000.png
1683230911142	6.913508	-4.413102	0.006524	0.900088	0.018981	0.004241	0.435274	img__0_1683230944912453000.png
1683230911193	6.964901	-4.342760	0.006096	0.897392	0.018734	0.005165	0.440806	img__0_1683230944961262000.png
1683230911241	7.012649	-4.275916	0.005878	0.894818	0.018599	0.006072	0.446002	img__0_1683230945010220000.png
1683230911289	7.059754	-4.208474	0.005625	0.892217	0.018520	0.006612	0.451178	img__0_1683230945059432000.png
1683230911340	7.109061	-4.136181	0.005215	0.889389	0.018581	0.008060	0.456702	img__0_1683230945107683000.png
1683230911394	7.160374	-4.058960	0.004720	0.886357	0.018514	0.008627	0.462552	img__0_1683230945161937000.png
1683230911442	7.205180	-3.989760	0.004285	0.883614	0.018397	0.009470	0.467758	img__0_1683230945210103000.png
1683230911490	7.249196	-3.920056	0.003790	0.880855	0.018321	0.009535	0.472935	img__0_1683230945258749000.png
1683230911562	7.313724	-3.814600	0.003288	0.876655	0.018006	0.010447	0.480670	img__0_1683230945331502000.png
1683230911610	7.355719	-3.743731	0.003152	0.873820	0.017829	0.010920	0.485799	img__0_1683230945379734000.png
1683230911655	7.394324	-3.676904	0.003151	0.871137	0.017663	0.011356	0.490591	img__0_1683230945423102000.png
1683230911709	7.439655	-3.596241	0.003289	0.867906	0.017448	0.011361	0.496292	img__0_1683230945479207000.png
1683230911751	7.474165	-3.533158	0.003462	0.865387	0.017339	0.011192	0.500679	img__0_1683230945519574000.png
1683230911805	7.517577	-3.451618	0.003766	0.862140	0.017199	0.011099	0.506256	img__0_1683230945572714000.png
1683230911853	7.555263	-3.378736	0.004086	0.859227	0.017084	0.011413	0.511182	img__0_1683230945622362000.png
1683230911922	7.607937	-3.273346	0.004879	0.854983	0.016829	0.012347	0.518235	img__0_1683230945690775000.png
1683230911970	7.643508	-3.199636	0.005701	0.851994	0.016617	0.012949	0.523128	img__0_1683230945737986000.png
1683230912018	7.678174	-3.125630	0.006659	0.848982	0.016476	0.013251	0.527998	img__0_1683230945786684000.png
1683230912069	7.714005	-3.046697	0.007919	0.845775	0.016246	0.013340	0.533126	img__0_1683230945837896000.png
1683230912114	7.744763	-2.976806	0.009164	0.842943	0.016034	0.013204	0.537602	img__0_1683230945882871000.png
1683230912159	7.774717	-2.906691	0.010337	0.840123	0.015902	0.012772	0.542012	img__0_1683230945928026000.png
1683230912210	7.807713	-2.826958	0.011549	0.836944	0.015675	0.012232	0.546928	img__0_1683230945978396000.png
1683230912273	7.847127	-2.728076	0.013265	0.833039	0.015390	0.011762	0.552876	img__0_1683230946041862000.png
1683230912318	7.874393	-2.657187	0.014697	0.830256	0.015202	0.011686	0.557052	img__0_1683230946086043000.png
1683230912369	7.904411	-2.576598	0.016504	0.827092	0.015057	0.011950	0.561737	img__0_1683230946138860000.png
1683230912417	7.931798	-2.500523	0.018329	0.824100	0.014861	0.012375	0.566114	img__0_1683230946185979000.png
1683230912465	7.958336	-2.424250	0.020308	0.821078	0.014595	0.013100	0.570478	img__0_1683230946234773000.png
1683230912513	7.984007	-2.347813	0.022513	0.818016	0.014301	0.014129	0.574844	img__0_1683230946282039000.png
1683230912576	8.016335	-2.247309	0.025748	0.813942	0.013810	0.015289	0.580580	img__0_1683230946344933000.png
1683230912624	8.039892	-2.170649	0.028350	0.810806	0.013412	0.016085	0.584940	img__0_1683230946392206000.png
1683230912672	8.062490	-2.093960	0.030979	0.807633	0.013129	0.017064	0.589292	img__0_1683230946440577000.png
1683230912720	8.084103	-2.017282	0.033481	0.804428	0.012855	0.017886	0.593642	img__0_1683230946489431000.png
1683230912768	8.104702	-1.940654	0.035830	0.801182	0.012492	0.018978	0.597990	img__0_1683230946536035000.png
1683230912816	8.124271	-1.864122	0.038172	0.797930	0.011782	0.019667	0.602314	img__0_1683230946584707000.png
1683230912885	8.150583	-1.754376	0.041754	0.793249	0.010613	0.021096	0.608440	img__0_1683230946654191000.png
1683230912933	8.167625	-1.678301	0.044833	0.789991	0.009502	0.022377	0.612636	img__0_1683230946703880000.png
1683230912984	8.184590	-1.597809	0.048772	0.786578	0.008326	0.023114	0.617002	img__0_1683230946754853000.png
1683230913032	8.199471	-1.522439	0.052732	0.783425	0.007327	0.023291	0.621006	img__0_1683230946802970000.png
1683230913077	8.212482	-1.452167	0.056563	0.780551	0.006419	0.022848	0.624641	img__0_1683230946846221000.png
1683230913131	8.226929	-1.368370	0.060812	0.777255	0.005573	0.021372	0.628798	img__0_1683230946899428000.png
1683230913173	8.237334	-1.303596	0.063614	0.774812	0.004983	0.019990	0.631855	img__0_1683230946942515000.png
1683230913239	8.252337	-1.202495	0.066746	0.771189	0.004064	0.018263	0.636331	img__0_1683230947008595000.png
1683230913287	8.262302	-1.129476	0.068229	0.768699	0.003420	0.017400	0.639365	img__0_1683230947057054000.png
1683230913341	8.272629	-1.047853	0.068649	0.766027	0.002751	0.016670	0.642587	img__0_1683230947109593000.png
1683230913384	8.280048	-0.984751	0.068159	0.764019	0.002240	0.016578	0.644977	img__0_1683230947153007000.png
1683230913435	8.288376	-0.908592	0.066968	0.761618	0.001499	0.017463	0.647789	img__0_1683230947204027000.png
1683230913486	8.295969	-0.832987	0.065606	0.759209	0.000521	0.019330	0.650560	img__0_1683230947254855000.png
1683230913531	8.302046	-0.766801	0.064811	0.757067	-0.000301	0.020799	0.653005	img__0_1683230947299098000.png
1683230913606	8.310807	-0.657775	0.064278	0.753465	-0.001127	0.022785	0.657093	img__0_1683230947373522000.png
1683230913645	8.314657	-0.601781	0.064229	0.751586	-0.001264	0.023128	0.659228	img__0_1683230947414002000.png
1683230913693	8.318727	-0.533536	0.064413	0.749385	-0.000151	0.020576	0.661815	img__0_1683230947462817000.png
1683230913744	8.322287	-0.461745	0.064862	0.747087	0.000870	0.018817	0.664459	img__0_1683230947514131000.png
1683230913798	8.325202	-0.386468	0.065145	0.744402	0.000607	0.023529	0.667317	img__0_1683230947566247000.png
1683230913846	8.326934	-0.320299	0.064859	0.741921	0.001358	0.024129	0.670051	img__0_1683230947613373000.png
1683230913894	8.327806	-0.254853	0.064075	0.739442	0.002430	0.021979	0.672857	img__0_1683230947663318000.png
1683230913945	8.327828	-0.186007	0.062852	0.736962	0.004400	0.015675	0.675738	img__0_1683230947712484000.png
1683230913993	8.327125	-0.121624	0.061271	0.734666	0.009010	0.010360	0.678290	img__0_1683230947760886000.png
1683230914056	8.325244	-0.037182	0.058195	0.731286	0.014649	0.003815	0.681903	img__0_1683230947823322000.png
1683230914101	8.323283	0.023435	0.055912	0.728683	0.017568	-0.000037	0.684626	img__0_1683230947869610000.png
1683230914152	8.320491	0.092703	0.053689	0.725601	0.019997	-0.003339	0.687817	img__0_1683230947920215000.png
1683230914200	8.317336	0.158624	0.051954	0.722619	0.021682	-0.006048	0.690880	img__0_1683230947969229000.png
1683230914248	8.313709	0.225382	0.050694	0.719571	0.022731	-0.007561	0.694006	img__0_1683230948016335000.png
1683230914299	8.309351	0.297327	0.049818	0.716262	0.023605	-0.008678	0.697378	img__0_1683230948066777000.png
1683230914347	8.304775	0.366070	0.049096	0.713111	0.024062	-0.009647	0.700572	img__0_1683230948115186000.png
1683230914419	8.297062	0.471113	0.048561	0.708294	0.024131	-0.009350	0.705443	img__0_1683230948189022000.png
1683230914470	8.290965	0.546920	0.048458	0.704843	0.023957	-0.009181	0.708899	img__0_1683230948239486000.png
1683230914518	8.284739	0.619320	0.048501	0.701576	0.023653	-0.008734	0.712149	img__0_1683230948285866000.png
1683230914563	8.278460	0.688097	0.048647	0.698478	0.023218	-0.007827	0.715212	img__0_1683230948333125000.png
1683230914611	8.271283	0.762376	0.048963	0.695155	0.022719	-0.007124	0.718465	img__0_1683230948381106000.png
1683230914659	8.263594	0.837563	0.049359	0.691795	0.022147	-0.005956	0.721730	img__0_1683230948427526000.png
1683230914707	8.255368	0.913608	0.049636	0.688381	0.021607	-0.004439	0.725014	img__0_1683230948475941000.png
1683230914755	8.246575	0.990443	0.049775	0.684915	0.020800	-0.002765	0.728321	img__0_1683230948524009000.png
1683230914803	8.237190	1.067977	0.049997	0.681390	0.019971	-0.001091	0.731647	img__0_1683230948572685000.png
1683230914875	8.221947	1.185389	0.050745	0.675949	0.018454	0.002109	0.736715	img__0_1683230948644484000.png
1683230914923	8.210950	1.264256	0.051351	0.672219	0.017641	0.004041	0.740131	img__0_1683230948693099000.png
1683230914968	8.199992	1.338530	0.051858	0.668647	0.016910	0.005670	0.743366	img__0_1683230948738086000.png
1683230915022	8.185988	1.427987	0.052340	0.664281	0.016311	0.007079	0.747271	img__0_1683230948790802000.png
1683230915064	8.174433	1.497756	0.052627	0.660826	0.015812	0.008261	0.750327	img__0_1683230948834148000.png
1683230915115	8.159590	1.582627	0.052796	0.656518	0.015079	0.010278	0.754090	img__0_1683230948882907000.png
1683230915163	8.144776	1.662568	0.052845	0.652364	0.014506	0.011891	0.757674	img__0_1683230948931217000.png
1683230915226	8.124052	1.767464	0.052747	0.646825	0.014046	0.013103	0.762397	img__0_1683230948994603000.png
1683230915274	8.107275	1.847299	0.052779	0.642529	0.013554	0.013865	0.766016	img__0_1683230949042149000.png
1683230915322	8.089639	1.927006	0.053002	0.638204	0.013257	0.014346	0.769620	img__0_1683230949089896000.png
1683230915373	8.069952	2.011523	0.053284	0.633549	0.012833	0.015214	0.773447	img__0_1683230949142258000.png
1683230915421	8.050527	2.090863	0.053653	0.629116	0.012433	0.015898	0.777050	img__0_1683230949189943000.png
1683230915472	8.028921	2.174892	0.053986	0.624351	0.012122	0.016550	0.780875	img__0_1683230949240326000.png
1683230915517	8.009025	2.248771	0.054185	0.620077	0.011795	0.017500	0.784257	img__0_1683230949286072000.png
1683230915583	7.978418	2.356595	0.054576	0.613677	0.011254	0.018652	0.789257	img__0_1683230949352720000.png
1683230915634	7.953603	2.439415	0.055141	0.608664	0.010790	0.019278	0.793121	img__0_1683230949402111000.png
1683230915682	7.929321	2.516921	0.055885	0.603917	0.010448	0.019543	0.796739	img__0_1683230949450926000.png
1683230915727	7.905742	2.589167	0.056646	0.599429	0.010219	0.019999	0.800113	img__0_1683230949495262000.png
1683230915775	7.879717	2.665760	0.057415	0.594604	0.010149	0.020212	0.803701	img__0_1683230949544866000.png
1683230915829	7.849368	2.751329	0.058334	0.589140	0.010095	0.020160	0.807716	img__0_1683230949596804000.png
1683230915871	7.824985	2.817441	0.059159	0.584568	0.010022	0.020047	0.811035	img__0_1683230949641717000.png
1683230915946	7.779767	2.934527	0.060809	0.577211	0.009977	0.020006	0.816289	img__0_1683230949716297000.png
1683230915994	7.749704	3.008802	0.061929	0.572281	0.009953	0.019855	0.819757	img__0_1683230949763572000.png
1683230916039	7.720735	3.077967	0.063077	0.567652	0.009884	0.019745	0.822973	img__0_1683230949807665000.png
1683230916093	7.684974	3.160362	0.064498	0.562089	0.009859	0.019533	0.826787	img__0_1683230949861780000.png
1683230916144	7.650216	3.237580	0.065974	0.556843	0.009838	0.019151	0.830339	img__0_1683230949913382000.png
1683230916186	7.620880	3.300738	0.067200	0.552539	0.009941	0.018767	0.833217	img__0_1683230949954921000.png
1683230916246	7.577871	3.390304	0.068890	0.546397	0.010103	0.018553	0.837260	img__0_1683230950015886000.png
1683230916303	7.535817	3.474682	0.070465	0.540544	0.010149	0.018486	0.841051	img__0_1683230950071800000.png
1683230916345	7.504089	3.536410	0.071646	0.536232	0.010178	0.018319	0.843810	img__0_1683230950115078000.png
1683230916396	7.464725	3.610864	0.073124	0.530996	0.010118	0.018296	0.847116	img__0_1683230950164579000.png
1683230916441	7.429240	3.676099	0.074580	0.526377	0.010073	0.018282	0.849995	img__0_1683230950210923000.png
1683230916495	7.385719	3.753799	0.076194	0.520822	0.009999	0.018441	0.853408	img__0_1683230950263077000.png
1683230916540	7.348675	3.818055	0.077461	0.516181	0.009906	0.018468	0.856223	img__0_1683230950309890000.png
1683230916603	7.295633	3.907242	0.079074	0.509667	0.009805	0.018564	0.860116	img__0_1683230950371012000.png
1683230916651	7.254307	3.974581	0.080297	0.504715	0.009692	0.018345	0.863037	img__0_1683230950419179000.png
1683230916699	7.212204	4.041390	0.081574	0.499764	0.009459	0.018489	0.865912	img__0_1683230950467836000.png
1683230916747	7.169327	4.107653	0.082682	0.494821	0.009373	0.018550	0.868746	img__0_1683230950515567000.png
1683230916795	7.125681	4.173359	0.083591	0.489906	0.009246	0.018329	0.871533	img__0_1683230950565773000.png
1683230916846	7.078487	4.242566	0.084517	0.484753	0.009111	0.017655	0.874426	img__0_1683230950615266000.png
1683230916894	7.033323	4.307153	0.085556	0.479990	0.008642	0.017189	0.877063	img__0_1683230950663324000.png
1683230916960	6.970109	4.395105	0.087534	0.473585	0.007617	0.016995	0.880551	img__0_1683230950728846000.png
1683230917014	6.917480	4.466304	0.089330	0.468474	0.006907	0.016802	0.883291	img__0_1683230950782620000.png
1683230917068	6.864072	4.536792	0.090994	0.463477	0.006047	0.016786	0.885929	img__0_1683230950836481000.png
1683230917107	6.825037	4.587239	0.091882	0.459901	0.005151	0.017498	0.887783	img__0_1683230950875535000.png
1683230917152	6.779541	4.644923	0.092662	0.455795	0.004051	0.018392	0.889886	img__0_1683230950921706000.png
1683230917200	6.730508	4.705791	0.093527	0.451495	0.002808	0.018717	0.892073	img__0_1683230950970937000.png
1683230917266	6.662328	4.788287	0.094631	0.445775	0.000698	0.018783	0.894948	img__0_1683230951035297000.png
1683230917314	6.612270	4.847366	0.095307	0.441799	-0.000985	0.018748	0.896918	img__0_1683230951083558000.png
1683230917362	6.561896	4.905637	0.095938	0.438013	-0.002582	0.018427	0.898776	img__0_1683230951130434000.png
1683230917410	6.511278	4.963073	0.096441	0.434438	-0.004262	0.018064	0.900510	img__0_1683230951179656000.png
1683230917458	6.460495	5.019658	0.096860	0.431062	-0.006203	0.018066	0.902120	img__0_1683230951226326000.png
1683230917506	6.409632	5.075367	0.097439	0.427844	-0.008442	0.018578	0.903622	img__0_1683230951275397000.png
1683230917569	6.342891	5.147034	0.098055	0.423753	-0.011511	0.020157	0.905481	img__0_1683230951339140000.png
1683230917620	6.288986	5.203714	0.098525	0.420416	-0.014798	0.022319	0.906936	img__0_1683230951389655000.png
1683230917668	6.238451	5.255835	0.099310	0.417270	-0.016682	0.023358	0.908329	img__0_1683230951437533000.png
1683230917719	6.185040	5.309818	0.100572	0.413929	-0.017858	0.023841	0.909822	img__0_1683230951488149000.png
1683230917764	6.138190	5.356232	0.102208	0.411043	-0.017085	0.023334	0.911157	img__0_1683230951534169000.png
1683230917812	6.088494	5.404495	0.104145	0.408111	-0.013750	0.020546	0.912597	img__0_1683230951582698000.png
1683230917863	6.035930	5.454472	0.104901	0.405184	-0.007301	0.016369	0.914059	img__0_1683230951633268000.png
1683230917935	5.961714	5.523307	0.101796	0.400927	0.002976	0.011934	0.916028	img__0_1683230951704227000.png
1683230917980	5.915025	5.565713	0.099304	0.397961	0.008020	0.010360	0.917309	img__0_1683230951749666000.png
1683230918025	5.867918	5.607843	0.097321	0.394766	0.011900	0.009121	0.918660	img__0_1683230951793677000.png
1683230918073	5.817070	5.652597	0.095483	0.391170	0.015237	0.007693	0.920160	img__0_1683230951843664000.png
1683230918121	5.765487	5.697271	0.093846	0.387404	0.017542	0.006755	0.921718	img__0_1683230951890345000.png
1683230918169	5.713104	5.741943	0.092767	0.383510	0.019176	0.006033	0.923318	img__0_1683230951940059000.png
1683230918241	5.632907	5.809063	0.092066	0.377499	0.020748	0.005176	0.925763	img__0_1683230952009631000.png
1683230918286	5.581740	5.851135	0.091960	0.373662	0.021168	0.005110	0.927310	img__0_1683230952054583000.png
1683230918337	5.522755	5.898939	0.092134	0.369210	0.020915	0.005433	0.929095	img__0_1683230952106724000.png
1683230918382	5.469831	5.941209	0.092477	0.365226	0.020687	0.005556	0.930672	img__0_1683230952151056000.png
1683230918427	5.416090	5.983555	0.093015	0.361219	0.020431	0.005532	0.932241	img__0_1683230952196102000.png
1683230918478	5.354203	6.031628	0.093692	0.356656	0.020105	0.005555	0.934003	img__0_1683230952247295000.png
1683230918541	5.276335	6.091107	0.094591	0.350964	0.019123	0.006322	0.936172	img__0_1683230952309466000.png
1683230918592	5.212180	6.139280	0.095243	0.346308	0.018350	0.006904	0.937916	img__0_1683230952361028000.png
1683230918637	5.154765	6.181761	0.095750	0.342183	0.017692	0.007303	0.939439	img__0_1683230952408022000.png
1683230918688	5.088801	6.229839	0.096247	0.337460	0.016534	0.008378	0.941157	img__0_1683230952457541000.png
1683230918736	5.025890	6.274967	0.096790	0.332963	0.015550	0.009129	0.942767	img__0_1683230952504719000.png
1683230918784	4.962206	6.319916	0.097240	0.328425	0.014541	0.009979	0.944365	img__0_1683230952553428000.png
1683230918832	4.897785	6.364635	0.097748	0.323835	0.013445	0.010823	0.945956	img__0_1683230952601475000.png
1683230918895	4.812171	6.422887	0.098497	0.317728	0.011787	0.012079	0.948032	img__0_1683230952664957000.png
1683230918943	4.746186	6.466854	0.099157	0.313018	0.010770	0.012777	0.949600	img__0_1683230952714172000.png
1683230918994	4.675410	6.513110	0.099881	0.307947	0.009319	0.013874	0.951257	img__0_1683230952764044000.png
1683230919042	4.608215	6.556150	0.100597	0.303128	0.008144	0.014527	0.952804	img__0_1683230952812120000.png
1683230919090	4.540501	6.598657	0.101300	0.298283	0.007142	0.014962	0.954333	img__0_1683230952861159000.png
1683230919138	4.472305	6.640589	0.101861	0.293418	0.006166	0.015450	0.955839	img__0_1683230952908802000.png
1683230919204	4.377821	6.697249	0.102489	0.286744	0.005450	0.015559	0.957865	img__0_1683230952973549000.png
1683230919249	4.312958	6.735198	0.102771	0.282224	0.005107	0.015573	0.959209	img__0_1683230953020185000.png
1683230919300	4.239038	6.777534	0.103160	0.277087	0.004366	0.016138	0.960699	img__0_1683230953069292000.png
1683230919348	4.169099	6.816700	0.103709	0.272231	0.003728	0.016533	0.962083	img__0_1683230953118484000.png
1683230919396	4.098830	6.855181	0.104400	0.267383	0.003314	0.016553	0.963443	img__0_1683230953166840000.png
1683230919447	4.023830	6.895299	0.105209	0.262274	0.003227	0.016321	0.964850	img__0_1683230953217061000.png
1683230919498	3.948494	6.934632	0.106013	0.257193	0.002962	0.016402	0.966216	img__0_1683230953268943000.png
1683230919564	3.850523	6.984357	0.107040	0.250645	0.002823	0.016379	0.967936	img__0_1683230953333693000.png
1683230919618	3.769977	7.024045	0.107707	0.245331	0.003039	0.016105	0.969301	img__0_1683230953386860000.png
1683230919660	3.707089	7.054308	0.108236	0.241251	0.003380	0.015707	0.970330	img__0_1683230953429316000.png
1683230919714	3.625911	7.092460	0.108820	0.236079	0.003839	0.015175	0.971608	img__0_1683230953482938000.png
1683230919759	3.557976	7.123621	0.109122	0.231825	0.004321	0.014797	0.972635	img__0_1683230953527841000.png
1683230919807	3.485214	7.156256	0.109455	0.227354	0.004818	0.014299	0.973695	img__0_1683230953576549000.png
1683230919861	3.402976	7.192254	0.109966	0.222399	0.005061	0.013910	0.974843	img__0_1683230953630914000.png
1683230919903	3.338729	7.219746	0.110482	0.218610	0.005353	0.013542	0.975704	img__0_1683230953673571000.png
1683230919969	3.237257	7.262091	0.111531	0.212822	0.005851	0.012753	0.976990	img__0_1683230953740317000.png
1683230920017	3.163055	7.292263	0.112441	0.208719	0.006005	0.012364	0.977879	img__0_1683230953787566000.png
1683230920062	3.093178	7.320087	0.113303	0.204950	0.006227	0.012015	0.978679	img__0_1683230953833176000.png
1683230920110	3.018306	7.349291	0.114282	0.201006	0.006341	0.011769	0.979499	img__0_1683230953881620000.png
1683230920161	2.938372	7.379793	0.115356	0.196902	0.006465	0.011626	0.980333	img__0_1683230953931853000.png
1683230920209	2.862778	7.408012	0.116328	0.193126	0.006666	0.011328	0.981086	img__0_1683230953979995000.png
1683230920278	2.753494	7.447777	0.117870	0.187859	0.006790	0.010928	0.982112	img__0_1683230954049277000.png
1683230920329	2.672248	7.476577	0.119039	0.184062	0.006717	0.010793	0.982832	img__0_1683230954098958000.png
1683230920371	2.605046	7.499924	0.120090	0.180994	0.006665	0.010639	0.983404	img__0_1683230954141045000.png
1683230920419	2.527921	7.526201	0.121379	0.177571	0.006945	0.010249	0.984030	img__0_1683230954189774000.png
1683230920470	2.445588	7.553662	0.122595	0.174029	0.007289	0.009891	0.984664	img__0_1683230954239113000.png
1683230920518	2.367725	7.579094	0.123649	0.170764	0.007263	0.009763	0.985237	img__0_1683230954287393000.png
1683230920566	2.289504	7.604130	0.124703	0.167559	0.007140	0.009710	0.985788	img__0_1683230954337183000.png
1683230920617	2.206012	7.630300	0.125838	0.164232	0.006803	0.009603	0.986352	img__0_1683230954387361000.png
1683230920689	2.087503	7.666490	0.127482	0.159642	0.006318	0.009591	0.987108	img__0_1683230954459176000.png
1683230920731	2.018047	7.687187	0.128366	0.157015	0.005870	0.009711	0.987531	img__0_1683230954500008000.png
1683230920785	1.928425	7.713339	0.129531	0.153656	0.004689	0.010192	0.988061	img__0_1683230954554671000.png
1683230920827	1.858507	7.733298	0.130380	0.151033	0.003572	0.010737	0.988464	img__0_1683230954597111000.png
1683230920875	1.778419	7.755668	0.131231	0.148024	0.002359	0.011239	0.988917	img__0_1683230954645429000.png
1683230920923	1.698190	7.777534	0.131880	0.145020	0.001277	0.011534	0.989361	img__0_1683230954693476000.png
1683230920977	1.607825	7.801506	0.132405	0.141629	-0.000377	0.012051	0.989846	img__0_1683230954747398000.png
1683230921037	1.507397	7.827320	0.133138	0.137848	-0.002584	0.012540	0.990371	img__0_1683230954808111000.png
1683230921094	1.412101	7.850993	0.133938	0.134256	-0.004668	0.012999	0.990851	img__0_1683230954864960000.png
1683230921139	1.337034	7.869064	0.134626	0.131380	-0.007140	0.013867	0.991209	img__0_1683230954910860000.png
1683230921187	1.257231	7.887676	0.134930	0.128318	-0.008912	0.014205	0.991591	img__0_1683230954957111000.png
1683230921235	1.177782	7.905596	0.135351	0.125328	-0.010806	0.013966	0.991958	img__0_1683230955005279000.png
1683230921283	1.098776	7.922822	0.135805	0.122467	-0.012301	0.013301	0.992307	img__0_1683230955053289000.png
1683230921334	1.015401	7.940381	0.136321	0.119557	-0.014682	0.013218	0.992631	img__0_1683230955104782000.png
1683230921382	0.937568	7.956201	0.136856	0.116915	-0.016891	0.013598	0.992905	img__0_1683230955151311000.png
1683230921454	0.822222	7.978565	0.136898	0.112944	-0.020688	0.015066	0.993272	img__0_1683230955225543000.png
1683230921496	0.755852	7.990782	0.136312	0.110516	-0.022998	0.016230	0.993476	img__0_1683230955266202000.png
1683230921547	0.676261	8.004755	0.135993	0.107466	-0.025127	0.017115	0.993744	img__0_1683230955316929000.png
1683230921595	0.602418	8.017017	0.136566	0.104537	-0.025931	0.017476	0.994029	img__0_1683230955366556000.png
1683230921643	0.529639	8.028409	0.138152	0.101594	-0.025524	0.017099	0.994352	img__0_1683230955414158000.png
1683230921694	0.453479	8.039569	0.140658	0.098541	-0.023409	0.016043	0.994728	img__0_1683230955464703000.png
1683230921742	0.382838	8.049213	0.143115	0.095842	-0.018633	0.014000	0.995124	img__0_1683230955512731000.png
1683230921793	0.308727	8.058616	0.143979	0.093132	-0.011317	0.011947	0.995537	img__0_1683230955565044000.png
1683230921862	0.209420	8.070107	0.141628	0.088845	-0.004543	0.014228	0.995933	img__0_1683230955633799000.png
1683230921904	0.149215	8.076409	0.139477	0.085769	-0.000966	0.015012	0.996202	img__0_1683230955673385000.png
1683230921952	0.080429	8.082975	0.137063	0.081929	0.002446	0.015267	0.996518	img__0_1683230955721308000.png
1683230921997	0.015833	8.088516	0.135000	0.078041	0.004674	0.015530	0.996818	img__0_1683230955768595000.png
1683230922048	-0.057620	8.094069	0.132836	0.073360	0.006733	0.015686	0.997159	img__0_1683230955818980000.png
1683230922096	-0.127074	8.098592	0.131079	0.068708	0.007902	0.015900	0.997479	img__0_1683230955867016000.png
1683230922159	-0.218795	8.103480	0.129138	0.062305	0.008968	0.016052	0.997888	img__0_1683230955930469000.png
1683230922207	-0.289151	8.106400	0.127888	0.057224	0.009364	0.016181	0.998186	img__0_1683230955978744000.png
1683230922258	-0.364373	8.108728	0.126720	0.051675	0.009513	0.016316	0.998485	img__0_1683230956028316000.png
1683230922306	-0.435616	8.110188	0.125773	0.046317	0.009384	0.016494	0.998747	img__0_1683230956076975000.png
1683230922354	-0.507281	8.110929	0.125010	0.040847	0.009125	0.016636	0.998985	img__0_1683230956125595000.png
1683230922405	-0.583872	8.110912	0.124316	0.034944	0.008829	0.016726	0.999210	img__0_1683230956175273000.png
1683230922468	-0.679094	8.109733	0.123508	0.027558	0.008576	0.016814	0.999442	img__0_1683230956240112000.png
1683230922516	-0.752079	8.107966	0.122862	0.021865	0.008285	0.016903	0.999584	img__0_1683230956286387000.png
1683230922567	-0.830015	8.105262	0.122199	0.015765	0.007812	0.017046	0.999700	img__0_1683230956338042000.png
1683230922615	-0.903710	8.101930	0.121621	0.009982	0.007276	0.017212	0.999776	img__0_1683230956386670000.png
1683230922666	-0.982342	8.097543	0.121051	0.003807	0.006818	0.017343	0.999819	img__0_1683230956436421000.png
1683230922711	-1.051983	8.092937	0.120563	-0.001680	0.006136	0.017646	0.999824	img__0_1683230956482821000.png
1683230922762	-1.131166	8.086873	0.120004	-0.007925	0.005589	0.017799	0.999795	img__0_1683230956532282000.png
1683230922813	-1.210589	8.079899	0.119402	-0.014199	0.004910	0.017998	0.999725	img__0_1683230956582357000.png
1683230922861	-1.285521	8.072498	0.118925	-0.020130	0.004309	0.018203	0.999622	img__0_1683230956632265000.png
1683230922936	-1.402872	8.059296	0.118554	-0.029445	0.003304	0.018487	0.999390	img__0_1683230956706839000.png
1683230922984	-1.478099	8.049774	0.118322	-0.035421	0.002914	0.018681	0.999194	img__0_1683230956755498000.png
1683230923026	-1.543978	8.040749	0.118070	-0.040674	0.002399	0.018904	0.998991	img__0_1683230956797871000.png
1683230923080	-1.628717	8.028176	0.117712	-0.047487	0.001441	0.019411	0.998682	img__0_1683230956851322000.png
1683230923134	-1.713441	8.014485	0.117155	-0.054356	0.000646	0.019822	0.998325	img__0_1683230956903701000.png
1683230923176	-1.779291	8.003055	0.116710	-0.059728	-0.000049	0.020078	0.998013	img__0_1683230956945888000.png
1683230923218	-1.845071	7.990942	0.116472	-0.065138	-0.001034	0.020362	0.997668	img__0_1683230956990262000.png
1683230923269	-1.924799	7.975301	0.116331	-0.071744	-0.001892	0.020637	0.997208	img__0_1683230957040952000.png
1683230923341	-2.036987	7.951452	0.116138	-0.081127	-0.002872	0.020910	0.996480	img__0_1683230957111855000.png
1683230923392	-2.116132	7.933298	0.116013	-0.087780	-0.003277	0.020936	0.995914	img__0_1683230957161837000.png
1683230923434	-2.181087	7.917567	0.116014	-0.093239	-0.003490	0.020870	0.995419	img__0_1683230957204003000.png
1683230923488	-2.264282	7.896316	0.116145	-0.100245	-0.003840	0.020810	0.994738	img__0_1683230957259974000.png
1683230923530	-2.328725	7.878986	0.116258	-0.105682	-0.004003	0.020816	0.994174	img__0_1683230957300771000.png
1683230923578	-2.402077	7.858324	0.116278	-0.111873	-0.003978	0.020704	0.993499	img__0_1683230957348252000.png
1683230923629	-2.479663	7.835380	0.116251	-0.118424	-0.003981	0.020656	0.992740	img__0_1683230957400242000.png
1683230923695	-2.579519	7.804184	0.116299	-0.126885	-0.004286	0.020803	0.991690	img__0_1683230957464851000.png
1683230923743	-2.651731	7.780433	0.116342	-0.133049	-0.004629	0.020913	0.990878	img__0_1683230957513486000.png
1683230923791	-2.723579	7.755787	0.116551	-0.139221	-0.005084	0.021018	0.990025	img__0_1683230957562000000.png
1683230923839	-2.795034	7.730248	0.116857	-0.145386	-0.005409	0.021026	0.989137	img__0_1683230957611001000.png
1683230923893	-2.874927	7.700452	0.117287	-0.152287	-0.005583	0.020819	0.988101	img__0_1683230957663753000.png
1683230923935	-2.936696	7.676511	0.117786	-0.157627	-0.005786	0.020760	0.987264	img__0_1683230957707040000.png
1683230923983	-3.006876	7.648333	0.118387	-0.163705	-0.005805	0.020582	0.986278	img__0_1683230957755313000.png
1683230924037	-3.085295	7.615601	0.119053	-0.170497	-0.005850	0.020453	0.985129	img__0_1683230957806611000.png
1683230924100	-3.176066	7.576057	0.120071	-0.178362	-0.005772	0.020176	0.983741	img__0_1683230957869650000.png
1683230924148	-3.244703	7.544960	0.120875	-0.184278	-0.005220	0.019815	0.982661	img__0_1683230957919655000.png
1683230924193	-3.308654	7.515058	0.121636	-0.189764	-0.004957	0.019562	0.981622	img__0_1683230957965310000.png
1683230924244	-3.380688	7.480310	0.122620	-0.195899	-0.004407	0.019170	0.980427	img__0_1683230958015573000.png
1683230924292	-3.448072	7.446783	0.123529	-0.201563	-0.003515	0.018682	0.979291	img__0_1683230958064140000.png
1683230924343	-3.519269	7.410304	0.124461	-0.207474	-0.002954	0.018232	0.978066	img__0_1683230958113708000.png
1683230924391	-3.585932	7.375182	0.125352	-0.212921	-0.002286	0.017727	0.976906	img__0_1683230958161897000.png
1683230924466	-3.689496	7.318810	0.126475	-0.221134	-0.000678	0.016831	0.975098	img__0_1683230958236353000.png
1683230924514	-3.755465	7.281798	0.126998	-0.226208	0.000154	0.016367	0.973941	img__0_1683230958284926000.png
1683230924562	-3.821237	7.244082	0.127615	-0.231146	0.000697	0.015916	0.972789	img__0_1683230958334103000.png
1683230924613	-3.890933	7.203259	0.128464	-0.236250	0.001005	0.015441	0.971569	img__0_1683230958383174000.png
1683230924661	-3.956370	7.164145	0.129429	-0.240919	0.001134	0.015034	0.970428	img__0_1683230958431160000.png
1683230924703	-4.013505	7.129387	0.130416	-0.244916	0.000800	0.014749	0.969432	img__0_1683230958474802000.png
1683230924751	-4.078651	7.089065	0.131552	-0.249385	0.000418	0.014503	0.968296	img__0_1683230958521337000.png
1683230924802	-4.147674	7.045537	0.132685	-0.254016	0.000146	0.014214	0.967096	img__0_1683230958574464000.png
1683230924865	-4.232634	6.990819	0.133879	-0.259620	-0.000726	0.014120	0.965607	img__0_1683230958635436000.png
1683230924913	-4.297101	6.948441	0.134522	-0.263841	-0.001655	0.014163	0.964461	img__0_1683230958684726000.png
1683230924961	-4.361295	6.905476	0.134909	-0.268024	-0.002621	0.014076	0.963306	img__0_1683230958733220000.png
1683230925012	-4.429154	6.859209	0.135189	-0.272415	-0.003623	0.013827	0.962074	img__0_1683230958784028000.png
1683230925063	-4.496611	6.812333	0.135444	-0.276745	-0.004884	0.013503	0.960836	img__0_1683230958833572000.png
1683230925108	-4.555753	6.770500	0.135884	-0.280514	-0.006124	0.013100	0.959741	img__0_1683230958879034000.png
1683230925162	-4.626190	6.719762	0.136710	-0.284958	-0.007989	0.012474	0.958426	img__0_1683230958932549000.png
1683230925213	-4.692104	6.671360	0.137788	-0.289052	-0.009571	0.011788	0.957193	img__0_1683230958983042000.png
1683230925276	-4.772595	6.611004	0.139215	-0.293938	-0.011276	0.010791	0.955697	img__0_1683230959046161000.png
1683230925321	-4.829401	6.567570	0.140167	-0.297259	-0.011680	0.009821	0.954675	img__0_1683230959093794000.png
1683230925369	-4.889339	6.520996	0.140905	-0.300613	-0.012161	0.008784	0.953628	img__0_1683230959141026000.png
1683230925420	-4.952278	6.471294	0.141439	-0.303965	-0.013141	0.007645	0.952562	img__0_1683230959190010000.png
1683230925465	-5.007151	6.427310	0.141689	-0.306768	-0.014489	0.006948	0.951649	img__0_1683230959237005000.png
1683230925519	-5.072116	6.374438	0.141486	-0.310011	-0.016424	0.006521	0.950569	img__0_1683230959290277000.png
1683230925567	-5.128978	6.327404	0.140746	-0.312877	-0.018615	0.006535	0.949589	img__0_1683230959337983000.png
1683230925630	-5.202200	6.265682	0.139351	-0.316726	-0.021497	0.006605	0.948250	img__0_1683230959401892000.png
1683230925678	-5.256849	6.218702	0.139317	-0.319714	-0.023147	0.006413	0.947209	img__0_1683230959450224000.png
1683230925729	-5.313764	6.168867	0.140614	-0.322919	-0.024226	0.006326	0.946095	img__0_1683230959499234000.png
1683230925780	-5.369466	6.119140	0.143595	-0.326112	-0.024677	0.005802	0.944991	img__0_1683230959552143000.png
1683230925825	-5.417594	6.075378	0.147550	-0.328835	-0.022824	0.005504	0.944095	img__0_1683230959597623000.png
1683230925876	-5.470996	6.025911	0.152129	-0.331727	-0.018341	0.005387	0.943182	img__0_1683230959648729000.png
1683230925927	-5.523311	5.976510	0.154466	-0.334431	-0.010584	0.006973	0.942335	img__0_1683230959697983000.png
1683230925978	-5.574834	5.926968	0.153757	-0.337424	-0.006876	0.011020	0.941263	img__0_1683230959749299000.png
1683230926029	-5.625781	5.877038	0.151760	-0.340902	-0.003405	0.013739	0.939992	img__0_1683230959799941000.png
1683230926077	-5.673329	5.829533	0.149699	-0.344544	-0.000841	0.015534	0.938641	img__0_1683230959848625000.png
1683230926149	-5.744107	5.757093	0.146875	-0.350533	0.002138	0.017421	0.936386	img__0_1683230959919390000.png
1683230926203	-5.796868	5.701685	0.145023	-0.355343	0.003686	0.018251	0.934551	img__0_1683230959974304000.png
1683230926245	-5.837761	5.657898	0.143868	-0.359225	0.004540	0.018549	0.933055	img__0_1683230960015588000.png
1683230926290	-5.881463	5.610281	0.142822	-0.363483	0.005294	0.018723	0.931398	img__0_1683230960060879000.png
1683230926338	-5.927973	5.558665	0.141802	-0.368096	0.005982	0.018788	0.929579	img__0_1683230960110006000.png
1683230926383	-5.971497	5.509495	0.140982	-0.372487	0.006177	0.018739	0.927828	img__0_1683230960154485000.png
1683230926434	-6.020738	5.452856	0.140276	-0.377543	0.005891	0.018721	0.925784	img__0_1683230960206358000.png
1683230926500	-6.084302	5.378120	0.139625	-0.384151	0.005732	0.018515	0.923067	img__0_1683230960270769000.png
1683230926533	-6.116010	5.340151	0.139355	-0.387480	0.005394	0.018520	0.921676	img__0_1683230960305374000.png
1683230926599	-6.179249	5.263022	0.138759	-0.394161	0.005086	0.018313	0.918845	img__0_1683230960369255000.png
1683230926644	-6.222219	5.209530	0.138129	-0.398730	0.004488	0.018207	0.916877	img__0_1683230960416102000.png
1683230926692	-6.267896	5.151694	0.137623	-0.403612	0.003905	0.018060	0.914744	img__0_1683230960463769000.png
1683230926740	-6.313381	5.093060	0.137023	-0.408491	0.003220	0.018015	0.912579	img__0_1683230960511086000.png
1683230926788	-6.358645	5.033649	0.136407	-0.413391	0.002134	0.018014	0.910373	img__0_1683230960561145000.png
1683230926851	-6.417640	4.954527	0.135501	-0.419846	0.000937	0.017937	0.907418	img__0_1683230960624181000.png
1683230926902	-6.464994	4.889552	0.134623	-0.425073	0.000303	0.017895	0.904982	img__0_1683230960672404000.png
1683230926947	-6.506442	4.831553	0.133786	-0.429704	-0.000749	0.017877	0.902793	img__0_1683230960719977000.png
1683230926998	-6.552995	4.765093	0.132865	-0.434953	-0.001513	0.017720	0.900278	img__0_1683230960771128000.png
1683230927046	-6.596368	4.701861	0.132077	-0.439885	-0.002256	0.017544	0.897880	img__0_1683230960818059000.png
1683230927097	-6.641946	4.633980	0.131319	-0.445126	-0.003145	0.017464	0.895292	img__0_1683230960867321000.png
1683230927145	-6.684331	4.569459	0.130669	-0.450051	-0.003699	0.017257	0.892673	img__0_1683230960918315000.png
1683230927196	-6.728797	4.500262	0.130079	-0.455270	-0.004274	0.016983	0.890181	img__0_1683230960967901000.png
1683230927262	-6.785426	4.409774	0.129431	-0.461998	-0.004859	0.016711	0.886710	img__0_1683230961032536000.png
1683230927310	-6.825935	4.343324	0.128880	-0.466851	-0.005529	0.016614	0.884163	img__0_1683230961082236000.png
1683230927358	-6.865854	4.276357	0.128298	-0.471719	-0.006695	0.016608	0.881567	img__0_1683230961129909000.png
1683230927406	-6.905133	4.208901	0.127676	-0.476614	-0.007722	0.016562	0.878923	img__0_1683230961176853000.png
1683230927454	-6.943731	4.140986	0.127149	-0.481531	-0.009090	0.016544	0.876226	img__0_1683230961226283000.png
1683230927517	-6.993271	4.051209	0.126571	-0.488039	-0.010618	0.016486	0.872601	img__0_1683230961288767000.png
1683230927568	-7.032369	3.978044	0.126018	-0.493335	-0.011415	0.016328	0.869611	img__0_1683230961338765000.png
1683230927613	-7.066088	3.913154	0.125591	-0.498038	-0.012724	0.016207	0.866910	img__0_1683230961386015000.png
1683230927664	-7.103374	3.839273	0.125110	-0.503343	-0.012483	0.016023	0.863848	img__0_1683230961435295000.png
1683230927712	-7.137558	3.769416	0.124406	-0.508278	-0.011884	0.015967	0.860963	img__0_1683230961484395000.png
1683230927763	-7.172936	3.694847	0.123441	-0.513459	-0.011502	0.015829	0.857891	img__0_1683230961536167000.png
1683230927811	-7.205375	3.624340	0.122485	-0.518239	-0.010347	0.015684	0.855029	img__0_1683230961581825000.png
1683230927856	-7.235069	3.557942	0.121581	-0.522626	-0.009326	0.015479	0.852371	img__0_1683230961629331000.png
1683230927925	-7.279346	3.455553	0.120421	-0.529168	-0.008289	0.015178	0.848341	img__0_1683230961696416000.png
1683230927976	-7.311152	3.379417	0.119933	-0.533888	-0.007958	0.014989	0.845385	img__0_1683230961747762000.png
1683230928021	-7.338581	3.311918	0.119670	-0.537984	-0.007774	0.014857	0.842788	img__0_1683230961794393000.png
1683230928072	-7.368958	3.235059	0.119656	-0.542540	-0.007566	0.014665	0.839868	img__0_1683230961843764000.png
1683230928117	-7.395144	3.166931	0.119829	-0.546475	-0.007219	0.014459	0.837320	img__0_1683230961888990000.png
1683230928168	-7.424134	3.089363	0.119982	-0.550818	-0.006604	0.014410	0.834475	img__0_1683230961938940000.png
1683230928231	-7.458971	2.993008	0.120031	-0.556052	-0.006330	0.014329	0.831000	img__0_1683230962002637000.png
1683230928279	-7.484800	2.919196	0.119958	-0.559954	-0.006040	0.014309	0.828378	img__0_1683230962050594000.png
1683230928327	-7.510026	2.845035	0.119762	-0.563765	-0.005415	0.014336	0.825793	img__0_1683230962098894000.png
1683230928378	-7.536185	2.765845	0.119473	-0.567733	-0.005186	0.014332	0.823072	img__0_1683230962150027000.png
1683230928426	-7.560211	2.690940	0.119129	-0.571399	-0.005068	0.014304	0.820532	img__0_1683230962196615000.png
1683230928471	-7.582213	2.620383	0.118710	-0.574789	-0.005016	0.014375	0.818160	img__0_1683230962244274000.png
1683230928543	-7.616371	2.506831	0.117928	-0.580106	-0.004764	0.014169	0.814404	img__0_1683230962316558000.png
1683230928594	-7.639804	2.425910	0.117453	-0.583758	-0.004295	0.013986	0.811796	img__0_1683230962367353000.png
1683230928636	-7.658644	2.358965	0.117155	-0.586677	-0.003864	0.013789	0.809694	img__0_1683230962407236000.png
1683230928693	-7.683579	2.267669	0.116858	-0.590527	-0.003708	0.013517	0.806896	img__0_1683230962465046000.png
1683230928732	-7.700223	2.204914	0.116632	-0.593114	-0.003979	0.013333	0.804998	img__0_1683230962504365000.png
1683230928780	-7.720242	2.127369	0.116331	-0.596243	-0.004124	0.013082	0.802687	img__0_1683230962552747000.png
1683230928828	-7.739745	2.049498	0.115956	-0.599310	-0.004290	0.012777	0.800403	img__0_1683230962601124000.png
1683230928894	-7.765721	1.941936	0.115596	-0.603452	-0.005247	0.012102	0.797290	img__0_1683230962666158000.png
1683230928939	-7.782864	1.868320	0.115555	-0.606232	-0.006069	0.011469	0.795182	img__0_1683230962711674000.png
1683230928990	-7.801719	1.784670	0.115657	-0.609332	-0.007124	0.010780	0.792810	img__0_1683230962761419000.png
1683230929038	-7.818886	1.705781	0.115684	-0.612211	-0.008063	0.010117	0.790589	img__0_1683230962810661000.png
1683230929089	-7.836490	1.621850	0.115567	-0.615226	-0.008911	0.009406	0.788244	img__0_1683230962861919000.png
1683230929137	-7.852452	1.542805	0.115454	-0.618022	-0.009922	0.008602	0.786051	img__0_1683230962908901000.png
1683230929197	-7.871564	1.444017	0.115557	-0.621472	-0.011611	0.007503	0.783315	img__0_1683230962969019000.png
1683230929248	-7.887044	1.360159	0.115781	-0.624363	-0.012948	0.006305	0.781002	img__0_1683230963019748000.png
1683230929296	-7.900945	1.281417	0.115863	-0.627023	-0.014056	0.005292	0.778856	img__0_1683230963068763000.png
1683230929344	-7.914179	1.202928	0.115459	-0.629613	-0.014860	0.004334	0.776754	img__0_1683230963115496000.png
1683230929395	-7.927523	1.119874	0.114818	-0.632246	-0.015343	0.002666	0.774611	img__0_1683230963166238000.png
1683230929443	-7.939446	1.042090	0.114626	-0.634568	-0.016191	0.000998	0.772697	img__0_1683230963214312000.png
1683230929512	-7.955549	0.931089	0.115011	-0.637680	-0.017807	-0.001036	0.770095	img__0_1683230963285324000.png
1683230929560	-7.966020	0.854565	0.115324	-0.639747	-0.019695	-0.002428	0.768329	img__0_1683230963333544000.png
1683230929605	-7.975276	0.783445	0.115780	-0.641660	-0.022298	-0.003845	0.766655	img__0_1683230963377728000.png
1683230929662	-7.986177	0.694368	0.117012	-0.644103	-0.024560	-0.005165	0.764527	img__0_1683230963433537000.png
1683230929704	-7.993598	0.629531	0.118592	-0.645921	-0.025577	-0.005768	0.762954	img__0_1683230963475437000.png
1683230929761	-8.002834	0.542675	0.122180	-0.648380	-0.025395	-0.005891	0.760870	img__0_1683230963531884000.png
1683230929797	-8.008171	0.488509	0.124988	-0.649903	-0.023722	-0.005139	0.759630	img__0_1683230963570597000.png
1683230929863	-8.016999	0.390485	0.129905	-0.652546	-0.017683	-0.001781	0.757540	img__0_1683230963636411000.png
1683230929914	-8.023001	0.315669	0.130436	-0.654615	-0.014583	0.003274	0.755814	img__0_1683230963685807000.png
1683230929965	-8.028269	0.241311	0.128009	-0.657095	-0.012384	0.007442	0.753670	img__0_1683230963736391000.png
1683230930013	-8.032528	0.171508	0.124538	-0.659756	-0.010806	0.010521	0.751328	img__0_1683230963783933000.png
1683230930061	-8.036103	0.101711	0.121001	-0.662694	-0.009623	0.012789	0.748719	img__0_1683230963832183000.png
1683230930109	-8.038974	0.031811	0.117648	-0.665875	-0.008762	0.014436	0.745872	img__0_1683230963880173000.png
1683230930154	-8.041002	-0.033888	0.114589	-0.669035	-0.008050	0.015701	0.743022	img__0_1683230963926351000.png
1683230930226	-8.042883	-0.139471	0.109922	-0.674375	-0.007267	0.016912	0.738160	img__0_1683230963999442000.png
1683230930271	-8.043198	-0.205801	0.107214	-0.677851	-0.007048	0.017377	0.734960	img__0_1683230964042331000.png
1683230930322	-8.042740	-0.281323	0.104243	-0.681894	-0.006895	0.017638	0.731206	img__0_1683230964095429000.png
1683230930376	-8.041303	-0.361700	0.101162	-0.686263	-0.006820	0.017752	0.727105	img__0_1683230964147364000.png
1683230930418	-8.039506	-0.424512	0.098789	-0.689699	-0.006777	0.017773	0.723846	img__0_1683230964191541000.png
1683230930469	-8.036532	-0.501123	0.096160	-0.693918	-0.007095	0.017513	0.719807	img__0_1683230964242629000.png
1683230930523	-8.032424	-0.582626	0.093514	-0.698425	-0.007465	0.017242	0.715437	img__0_1683230964296592000.png
1683230930568	-8.028239	-0.650824	0.091361	-0.702202	-0.007803	0.017013	0.711732	img__0_1683230964339543000.png
1683230930616	-8.023011	-0.723827	0.089138	-0.706220	-0.007816	0.016767	0.707750	img__0_1683230964388248000.png
1683230930679	-8.014961	-0.820028	0.086230	-0.711458	-0.008096	0.016347	0.702492	img__0_1683230964451849000.png
1683230930727	-8.007933	-0.893587	0.084232	-0.715444	-0.008587	0.015911	0.698436	img__0_1683230964499519000.png
1683230930778	-7.999607	-0.971950	0.082157	-0.719663	-0.009064	0.015549	0.694090	img__0_1683230964551334000.png
1683230930826	-7.990959	-1.045870	0.080252	-0.723614	-0.009539	0.015188	0.689972	img__0_1683230964599933000.png
1683230930874	-7.981517	-1.119918	0.078276	-0.727544	-0.009935	0.014842	0.685828	img__0_1683230964647685000.png
1683230930922	-7.971278	-1.194065	0.076234	-0.731447	-0.010320	0.014540	0.681665	img__0_1683230964693215000.png
1683230930973	-7.959530	-1.272925	0.074143	-0.735566	-0.010893	0.014206	0.677217	img__0_1683230964745725000.png
1683230931039	-7.942982	-1.375040	0.071376	-0.740865	-0.011585	0.013854	0.671411	img__0_1683230964810319000.png
1683230931084	-7.930820	-1.444665	0.069472	-0.744476	-0.012470	0.013472	0.667397	img__0_1683230964857195000.png
1683230931135	-7.916163	-1.523523	0.067379	-0.748559	-0.013083	0.013158	0.662808	img__0_1683230964906698000.png
1683230931186	-7.900566	-1.602288	0.065238	-0.752626	-0.013532	0.012908	0.658183	img__0_1683230964959916000.png
1683230931234	-7.885023	-1.676305	0.063175	-0.756439	-0.014108	0.012604	0.653791	img__0_1683230965007568000.png
1683230931285	-7.867588	-1.754792	0.061038	-0.760463	-0.014189	0.012467	0.649107	img__0_1683230965056589000.png
1683230931336	-7.849210	-1.833097	0.059026	-0.764466	-0.014731	0.012166	0.644381	img__0_1683230965107529000.png
1683230931384	-7.831045	-1.906603	0.057181	-0.768216	-0.015141	0.011986	0.639900	img__0_1683230965156544000.png
1683230931435	-7.810812	-1.984467	0.055191	-0.772184	-0.015599	0.011753	0.635099	img__0_1683230965206712000.png
1683230931486	-7.789614	-2.062056	0.053157	-0.776143	-0.016228	0.011461	0.630244	img__0_1683230965257496000.png
1683230931531	-7.770109	-2.130260	0.051305	-0.779622	-0.016365	0.011357	0.625934	img__0_1683230965304930000.png
1683230931603	-7.737340	-2.238847	0.048386	-0.785152	-0.016768	0.010931	0.618979	img__0_1683230965376428000.png
1683230931651	-7.714437	-2.310838	0.046645	-0.788822	-0.017421	0.010459	0.614286	img__0_1683230965424604000.png
1683230931696	-7.692206	-2.378003	0.045308	-0.792247	-0.017942	0.010017	0.609854	img__0_1683230965468923000.png
1683230931750	-7.664559	-2.458139	0.043969	-0.796341	-0.018448	0.009571	0.604490	img__0_1683230965523479000.png
1683230931795	-7.640705	-2.524498	0.042800	-0.799729	-0.018528	0.009470	0.600001	img__0_1683230965568097000.png
1683230931852	-7.609439	-2.607990	0.041417	-0.803973	-0.018296	0.009370	0.594310	img__0_1683230965624778000.png
1683230931894	-7.585662	-2.669108	0.040517	-0.807060	-0.018017	0.009363	0.590121	img__0_1683230965665659000.png
1683230931954	-7.550613	-2.755827	0.039161	-0.811415	-0.017836	0.009430	0.584122	img__0_1683230965727517000.png
1683230932008	-7.517985	-2.833282	0.037756	-0.815280	-0.017890	0.009369	0.578714	img__0_1683230965779437000.png
1683230932053	-7.490021	-2.897398	0.036594	-0.818470	-0.017575	0.009338	0.574205	img__0_1683230965826617000.png
1683230932101	-7.459428	-2.965361	0.035378	-0.821815	-0.017065	0.009455	0.569421	img__0_1683230965873256000.png
1683230932152	-7.426076	-3.037110	0.034290	-0.825311	-0.017068	0.009340	0.564343	img__0_1683230965924861000.png
1683230932197	-7.395932	-3.100019	0.033471	-0.828353	-0.016659	0.009373	0.559880	img__0_1683230965970486000.png
1683230932248	-7.360960	-3.170866	0.032531	-0.831731	-0.016099	0.009552	0.554864	img__0_1683230966021288000.png
1683230932314	-7.314444	-3.261884	0.031183	-0.835998	-0.015426	0.009716	0.548430	img__0_1683230966085703000.png
1683230932359	-7.281931	-3.323533	0.030328	-0.838836	-0.014683	0.009968	0.544095	img__0_1683230966132879000.png
1683230932407	-7.246553	-3.388958	0.029566	-0.841798	-0.014093	0.010126	0.539514	img__0_1683230966179822000.png
1683230932455	-7.210465	-3.454063	0.028901	-0.844690	-0.013404	0.010401	0.534987	img__0_1683230966228771000.png
1683230932506	-7.171347	-3.522914	0.028180	-0.847688	-0.012767	0.010683	0.530234	img__0_1683230966279754000.png
1683230932557	-7.131441	-3.591463	0.027519	-0.850609	-0.012126	0.010981	0.525545	img__0_1683230966328753000.png
1683230932602	-7.095583	-3.651723	0.027108	-0.853125	-0.011669	0.011156	0.521456	img__0_1683230966375606000.png
1683230932680	-7.032009	-3.755728	0.026667	-0.857357	-0.011001	0.011381	0.514479	img__0_1683230966451842000.png
1683230932725	-6.994517	-3.815495	0.026526	-0.859727	-0.010734	0.011350	0.510514	img__0_1683230966498421000.png
1683230932776	-6.951316	-3.883033	0.026479	-0.862339	-0.010416	0.011312	0.506098	img__0_1683230966549085000.png
1683230932815	-6.917780	-3.934542	0.026598	-0.864288	-0.010298	0.011139	0.502769	img__0_1683230966587723000.png
1683230932863	-6.875922	-3.997776	0.026957	-0.866627	-0.010228	0.010813	0.498734	img__0_1683230966637141000.png
1683230932911	-6.833429	-4.060820	0.027437	-0.868911	-0.010394	0.010408	0.494750	img__0_1683230966682838000.png
1683230932983	-6.768538	-4.155001	0.028450	-0.872217	-0.010052	0.009852	0.488916	img__0_1683230966755675000.png
1683230933034	-6.721764	-4.221426	0.029221	-0.874472	-0.010057	0.009329	0.484882	img__0_1683230966805758000.png
1683230933082	-6.677153	-4.283712	0.029986	-0.876529	-0.010154	0.008742	0.481164	img__0_1683230966854842000.png
1683230933127	-6.634835	-4.341885	0.030857	-0.878404	-0.010369	0.007983	0.477739	img__0_1683230966899764000.png
1683230933175	-6.589198	-4.403676	0.032011	-0.880343	-0.010472	0.007154	0.474168	img__0_1683230966948094000.png
1683230933226	-6.540174	-4.469009	0.033334	-0.882326	-0.010334	0.006494	0.470481	img__0_1683230966999937000.png
1683230933271	-6.496483	-4.526369	0.034428	-0.884004	-0.010110	0.005881	0.467333	img__0_1683230967045489000.png
1683230933319	-6.449471	-4.587252	0.035762	-0.885710	-0.009878	0.004944	0.464107	img__0_1683230967093288000.png
1683230933391	-6.378242	-4.677968	0.037705	-0.888099	-0.009634	0.003594	0.459537	img__0_1683230967165315000.png
1683230933439	-6.330334	-4.738014	0.038562	-0.889587	-0.009850	0.002433	0.456654	img__0_1683230967212645000.png
1683230933484	-6.285162	-4.793960	0.039156	-0.890918	-0.010553	0.000826	0.454042	img__0_1683230967256220000.png
1683230933529	-6.239793	-4.849528	0.040087	-0.892187	-0.011341	-0.001382	0.451522	img__0_1683230967302274000.png
1683230933580	-6.188219	-4.911977	0.041974	-0.893533	-0.011814	-0.004058	0.448824	img__0_1683230967352041000.png
1683230933625	-6.142662	-4.966564	0.045061	-0.894620	-0.012735	-0.007383	0.446584	img__0_1683230967397206000.png
1683230933676	-6.091094	-5.027738	0.050144	-0.895738	-0.014019	-0.011253	0.444219	img__0_1683230967447874000.png
1683230933742	-6.024670	-5.105656	0.060666	-0.896991	-0.014805	-0.015469	0.441530	img__0_1683230967515807000.png
1683230933790	-5.976734	-5.161290	0.069888	-0.897805	-0.013738	-0.015236	0.439915	img__0_1683230967562576000.png
1683230933841	-5.926219	-5.219379	0.078506	-0.898631	-0.012686	-0.011796	0.438363	img__0_1683230967613729000.png
1683230933889	-5.878992	-5.273110	0.082673	-0.899518	-0.012876	-0.006792	0.436641	img__0_1683230967661901000.png
1683230933937	-5.831834	-5.326040	0.082794	-0.900623	-0.013536	-0.001761	0.434388	img__0_1683230967709296000.png
1683230933985	-5.784498	-5.378274	0.079930	-0.901952	-0.014294	0.002350	0.431593	img__0_1683230967757877000.png
1683230934039	-5.730808	-5.436331	0.075434	-0.903689	-0.014792	0.005866	0.427893	img__0_1683230967810747000.png
1683230934099	-5.670405	-5.500062	0.070149	-0.905863	-0.014990	0.008695	0.423217	img__0_1683230967873162000.png
1683230934147	-5.621411	-5.550517	0.066322	-0.907755	-0.015324	0.010160	0.419098	img__0_1683230967920169000.png
1683230934192	-5.574870	-5.597404	0.063045	-0.909627	-0.015369	0.011287	0.414988	img__0_1683230967966770000.png
1683230934243	-5.521352	-5.650074	0.059449	-0.911837	-0.015351	0.012324	0.410081	img__0_1683230968016087000.png
1683230934294	-5.466969	-5.702260	0.055891	-0.914116	-0.015124	0.013056	0.404960	img__0_1683230968067258000.png
1683230934345	-5.411695	-5.753983	0.052410	-0.916435	-0.014779	0.013659	0.399677	img__0_1683230968118141000.png
1683230934393	-5.358842	-5.802263	0.049248	-0.918638	-0.014399	0.014042	0.394587	img__0_1683230968165650000.png
1683230934441	-5.305187	-5.850171	0.046411	-0.920863	-0.014786	0.013720	0.389365	img__0_1683230968214308000.png
1683230934513	-5.223201	-5.921306	0.042546	-0.924202	-0.014755	0.013596	0.381377	img__0_1683230968286335000.png
1683230934558	-5.171048	-5.965307	0.040211	-0.926287	-0.014911	0.013300	0.376290	img__0_1683230968332125000.png
1683230934609	-5.111108	-6.014725	0.037623	-0.928638	-0.015067	0.012965	0.370455	img__0_1683230968383129000.png
1683230934651	-5.061092	-6.055054	0.035568	-0.930561	-0.015187	0.012674	0.365601	img__0_1683230968425632000.png
1683230934699	-5.003218	-6.100719	0.033222	-0.932732	-0.015136	0.012547	0.360034	img__0_1683230968472614000.png
1683230934750	-4.940902	-6.148735	0.030650	-0.935006	-0.015116	0.012375	0.354095	img__0_1683230968523154000.png
1683230934798	-4.881492	-6.193446	0.028255	-0.937114	-0.015200	0.012050	0.348484	img__0_1683230968571222000.png
1683230934870	-4.791006	-6.259617	0.024386	-0.940197	-0.015095	0.011902	0.340089	img__0_1683230968642504000.png
1683230934909	-4.741323	-6.295012	0.022331	-0.941838	-0.015155	0.011526	0.335528	img__0_1683230968681472000.png
1683230934957	-4.679552	-6.338130	0.019977	-0.943821	-0.015322	0.011181	0.329913	img__0_1683230968729756000.png
1683230935005	-4.617106	-6.380743	0.017788	-0.945762	-0.015393	0.010955	0.324312	img__0_1683230968779268000.png
1683230935056	-4.550030	-6.425448	0.015429	-0.947777	-0.015447	0.010748	0.318379	img__0_1683230968829882000.png
1683230935104	-4.486222	-6.466976	0.013079	-0.949637	-0.015943	0.010156	0.312783	img__0_1683230968876373000.png
1683230935176	-4.389336	-6.528214	0.009761	-0.952366	-0.016600	0.009291	0.304363	img__0_1683230968948252000.png
1683230935227	-4.319893	-6.570774	0.007564	-0.954259	-0.017077	0.008669	0.298368	img__0_1683230968999934000.png
1683230935272	-4.258082	-6.607731	0.005712	-0.955900	-0.017524	0.008028	0.293060	img__0_1683230969045646000.png
1683230935317	-4.195792	-6.644100	0.003969	-0.957518	-0.018221	0.007154	0.287710	img__0_1683230969091726000.png
1683230935368	-4.124644	-6.684553	0.001851	-0.959324	-0.018708	0.006440	0.281612	img__0_1683230969142347000.png
1683230935425	-4.044472	-6.728764	-0.000588	-0.961299	-0.018737	0.006208	0.274799	img__0_1683230969197046000.png
1683230935473	-3.976444	-6.765171	-0.002482	-0.962920	-0.018626	0.006014	0.269076	img__0_1683230969247670000.png
1683230935515	-3.916548	-6.796409	-0.004020	-0.964300	-0.018371	0.006150	0.264101	img__0_1683230969288031000.png
1683230935563	-3.847671	-6.831411	-0.005662	-0.965836	-0.018091	0.006151	0.258448	img__0_1683230969336220000.png
1683230935635	-3.743528	-6.882543	-0.007776	-0.968053	-0.017732	0.006169	0.250041	img__0_1683230969408172000.png
1683230935686	-3.669169	-6.917774	-0.009056	-0.969557	-0.017408	0.006372	0.244165	img__0_1683230969458449000.png
1683230935734	-3.598738	-6.950208	-0.009962	-0.970926	-0.017330	0.006138	0.238673	img__0_1683230969507122000.png
1683230935779	-3.532332	-6.979974	-0.010517	-0.972170	-0.017226	0.006043	0.233565	img__0_1683230969551769000.png
1683230935833	-3.452162	-7.014868	-0.011250	-0.973605	-0.016610	0.006436	0.227545	img__0_1683230969607353000.png
1683230935884	-3.375958	-7.047026	-0.011930	-0.974906	-0.016519	0.006289	0.221916	img__0_1683230969657418000.png
1683230935923	-3.317378	-7.071104	-0.012219	-0.975867	-0.016260	0.006324	0.217668	img__0_1683230969698090000.png
1683230935974	-3.240373	-7.101933	-0.012351	-0.977070	-0.015387	0.006919	0.212250	img__0_1683230969748322000.png
1683230936040	-3.140022	-7.140776	-0.012450	-0.978535	-0.014573	0.007523	0.205426	img__0_1683230969812215000.png
1683230936088	-3.066530	-7.168313	-0.012644	-0.979542	-0.014279	0.007744	0.200581	img__0_1683230969860800000.png
1683230936136	-2.992599	-7.195274	-0.012860	-0.980505	-0.013769	0.008279	0.195837	img__0_1683230969910938000.png
1683230936181	-2.922884	-7.220047	-0.013035	-0.981368	-0.013208	0.008675	0.191486	img__0_1683230969955595000.png
1683230936229	-2.848078	-7.245963	-0.013022	-0.982243	-0.012487	0.009115	0.186974	img__0_1683230970003573000.png
1683230936280	-2.768085	-7.272964	-0.012716	-0.983118	-0.011894	0.009492	0.182337	img__0_1683230970053175000.png
1683230936343	-2.668528	-7.305598	-0.012128	-0.984136	-0.011605	0.009455	0.176782	img__0_1683230970117152000.png
1683230936394	-2.587336	-7.331446	-0.011497	-0.984912	-0.011277	0.009578	0.172421	img__0_1683230970166508000.png
1683230936439	-2.515255	-7.353839	-0.010796	-0.985564	-0.011129	0.009550	0.168664	img__0_1683230970211953000.png
1683230936490	-2.433066	-7.378756	-0.009879	-0.986270	-0.011030	0.009412	0.164506	img__0_1683230970263283000.png
1683230936541	-2.350360	-7.403183	-0.008836	-0.986942	-0.011015	0.009054	0.160443	img__0_1683230970314869000.png
1683230936589	-2.272060	-7.425722	-0.007824	-0.987546	-0.011011	0.008840	0.156695	img__0_1683230970362788000.png
1683230936637	-2.193329	-7.447819	-0.006757	-0.988126	-0.010961	0.008501	0.153017	img__0_1683230970410580000.png
1683230936685	-2.114187	-7.469473	-0.005582	-0.988685	-0.011315	0.007732	0.149379	img__0_1683230970460190000.png
1683230936754	-1.999751	-7.499781	-0.004081	-0.989455	-0.011649	0.006916	0.144206	img__0_1683230970528854000.png
1683230936805	-1.914704	-7.521535	-0.003034	-0.990001	-0.011728	0.006287	0.140432	img__0_1683230970579271000.png
1683230936859	-1.824268	-7.543959	-0.001893	-0.990553	-0.011586	0.005810	0.136515	img__0_1683230970631585000.png
1683230936904	-1.748624	-7.562169	-0.000927	-0.990992	-0.011341	0.005434	0.133330	img__0_1683230970677736000.png
1683230936946	-1.677809	-7.578779	0.000078	-0.991383	-0.011082	0.004940	0.130433	img__0_1683230970720688000.png
1683230937000	-1.586493	-7.599597	0.001539	-0.991860	-0.010924	0.003948	0.126801	img__0_1683230970773121000.png
1683230937057	-1.489841	-7.620917	0.003388	-0.992334	-0.010881	0.002249	0.123083	img__0_1683230970831405000.png
1683230937108	-1.403214	-7.639415	0.005315	-0.992730	-0.010733	0.000912	0.119879	img__0_1683230970881456000.png
1683230937159	-1.316520	-7.657367	0.007313	-0.993098	-0.010634	-0.000515	0.116800	img__0_1683230970933708000.png
1683230937204	-1.240029	-7.672752	0.009265	-0.993401	-0.010801	-0.002090	0.114168	img__0_1683230970978551000.png
1683230937252	-1.158515	-7.688676	0.011360	-0.993704	-0.011029	-0.003965	0.111421	img__0_1683230971024716000.png
1683230937303	-1.072086	-7.705015	0.013395	-0.994004	-0.011357	-0.006530	0.108557	img__0_1683230971077871000.png
1683230937351	-0.991019	-7.719827	0.015325	-0.994265	-0.011704	-0.009107	0.105909	img__0_1683230971124953000.png
1683230937420	-0.875188	-7.740112	0.018390	-0.994612	-0.011589	-0.013015	0.102191	img__0_1683230971192599000.png
1683230937459	-0.810195	-7.751055	0.020763	-0.994781	-0.011298	-0.015653	0.100189	img__0_1683230971233926000.png
1683230937513	-0.720890	-7.765639	0.027021	-0.994934	-0.010812	-0.021451	0.097620	img__0_1683230971286009000.png
1683230937561	-0.642385	-7.778053	0.035420	-0.995053	-0.010053	-0.024949	0.095635	img__0_1683230971335279000.png
1683230937606	-0.569729	-7.789204	0.044589	-0.995174	-0.009051	-0.026427	0.094066	img__0_1683230971379606000.png
1683230937654	-0.493392	-7.800579	0.053978	-0.995373	-0.009026	-0.023796	0.092656	img__0_1683230971428892000.png
1683230937720	-0.390558	-7.815162	0.057714	-0.995688	-0.013607	-0.016944	0.090183	img__0_1683230971492690000.png
1683230937765	-0.321482	-7.824281	0.055332	-0.995943	-0.016075	-0.012752	0.087618	img__0_1683230971540372000.png
1683230937819	-0.239273	-7.834265	0.050499	-0.996294	-0.017801	-0.007787	0.083785	img__0_1683230971592268000.png
1683230937864	-0.171105	-7.841765	0.046015	-0.996598	-0.018979	-0.004605	0.080065	img__0_1683230971638869000.png
1683230937918	-0.089509	-7.849747	0.040648	-0.996977	-0.019983	-0.001790	0.075063	img__0_1683230971692388000.png
1683230937966	-0.017043	-7.855891	0.036190	-0.997320	-0.020652	0.000099	0.070185	img__0_1683230971739656000.png
1683230938011	0.050919	-7.860820	0.032384	-0.997645	-0.020912	0.001518	0.065298	img__0_1683230971783753000.png
1683230938074	0.146209	-7.866351	0.027596	-0.998087	-0.021036	0.003154	0.058058	img__0_1683230971849482000.png
1683230938125	0.223542	-7.869655	0.024143	-0.998421	-0.020992	0.004256	0.051926	img__0_1683230971898164000.png
1683230938176	0.301103	-7.871902	0.020876	-0.998726	-0.021054	0.004900	0.045595	img__0_1683230971951403000.png
1683230938224	0.374336	-7.873055	0.017988	-0.998985	-0.021022	0.005323	0.039475	img__0_1683230971997471000.png
1683230938272	0.447809	-7.873268	0.015179	-0.999209	-0.021140	0.005533	0.033215	img__0_1683230972046719000.png
1683230938323	0.526143	-7.872460	0.012326	-0.999411	-0.021095	0.005752	0.026446	img__0_1683230972097529000.png
1683230938371	0.600125	-7.870727	0.009728	-0.999563	-0.021007	0.005777	0.019993	img__0_1683230972143938000.png
1683230938431	0.692945	-7.867242	0.006724	-0.999699	-0.020583	0.006141	0.011876	img__0_1683230972204636000.png
1683230938479	0.767479	-7.863412	0.004458	-0.999760	-0.020360	0.006127	0.005365	img__0_1683230972254593000.png
1683230938527	0.842258	-7.858671	0.002377	-0.999776	-0.020246	0.006068	-0.001162	img__0_1683230972300823000.png
1683230938578	0.921970	-7.852638	0.000285	-0.999750	-0.019894	0.006238	-0.008073	img__0_1683230972352403000.png
1683230938626	0.997236	-7.846033	-0.001565	-0.999680	-0.019688	0.006377	-0.014540	img__0_1683230972400829000.png
1683230938671	1.068010	-7.839033	-0.003140	-0.999573	-0.019892	0.005854	-0.020606	img__0_1683230972446467000.png
1683230938725	1.153181	-7.829600	-0.004766	-0.999397	-0.019997	0.005232	-0.027894	img__0_1683230972500023000.png
1683230938785	1.248074	-7.817791	-0.006244	-0.999147	-0.019675	0.005094	-0.035959	img__0_1683230972560554000.png
1683230938836	1.328927	-7.806655	-0.007375	-0.998878	-0.019759	0.004917	-0.042757	img__0_1683230972611369000.png
1683230938887	1.409947	-7.794506	-0.008501	-0.998568	-0.019693	0.004963	-0.049500	img__0_1683230972659908000.png
1683230938932	1.481567	-7.782947	-0.009455	-0.998254	-0.019880	0.004755	-0.055426	img__0_1683230972706152000.png
1683230938980	1.558086	-7.769746	-0.010393	-0.997889	-0.019740	0.004698	-0.061698	img__0_1683230972755400000.png
1683230939034	1.644305	-7.753827	-0.011242	-0.997427	-0.019983	0.004010	-0.068730	img__0_1683230972807433000.png
1683230939097	1.745030	-7.733818	-0.011920	-0.996837	-0.019814	0.003976	-0.076859	img__0_1683230972871752000.png
1683230939154	1.836267	-7.714377	-0.012469	-0.996244	-0.020022	0.003705	-0.084162	img__0_1683230972928398000.png
1683230939199	1.908349	-7.698125	-0.012917	-0.995740	-0.020155	0.003382	-0.089913	img__0_1683230972974396000.png
1683230939241	1.975652	-7.682228	-0.013392	-0.995240	-0.020305	0.002985	-0.095265	img__0_1683230973016011000.png
1683230939292	2.057377	-7.661986	-0.013711	-0.994587	-0.020754	0.001566	-0.101798	img__0_1683230973065580000.png
1683230939340	2.134231	-7.641976	-0.013922	-0.993929	-0.021147	0.000362	-0.107970	img__0_1683230973113184000.png
1683230939388	2.210961	-7.621025	-0.014038	-0.993230	-0.021467	-0.000829	-0.114164	img__0_1683230973162367000.png
1683230939454	2.316154	-7.590671	-0.014022	-0.992212	-0.021537	-0.001619	-0.122675	img__0_1683230973227221000.png
1683230939502	2.392384	-7.567465	-0.014040	-0.991440	-0.021343	-0.001738	-0.128794	img__0_1683230973275293000.png
1683230939547	2.463634	-7.544866	-0.013926	-0.990694	-0.020987	-0.001692	-0.134466	img__0_1683230973320958000.png
1683230939598	2.544127	-7.518282	-0.013610	-0.989822	-0.020622	-0.001496	-0.140801	img__0_1683230973373909000.png
1683230939649	2.624352	-7.490686	-0.013151	-0.988924	-0.020243	-0.001276	-0.147031	img__0_1683230973422747000.png
1683230939697	2.699622	-7.463808	-0.012551	-0.988069	-0.019560	-0.000528	-0.152767	img__0_1683230973471274000.png
1683230939757	2.793433	-7.429009	-0.011672	-0.986993	-0.018586	0.000958	-0.159683	img__0_1683230973532540000.png
1683230939808	2.873002	-7.398421	-0.010684	-0.986069	-0.017956	0.001687	-0.165355	img__0_1683230973581813000.png
1683230939856	2.947788	-7.368816	-0.009482	-0.985200	-0.017329	0.002645	-0.170512	img__0_1683230973629345000.png
1683230939904	3.022516	-7.338440	-0.008057	-0.984331	-0.016720	0.003264	-0.175506	img__0_1683230973678565000.png
1683230939952	3.097213	-7.307314	-0.006445	-0.983462	-0.016306	0.003568	-0.180345	img__0_1683230973726666000.png
1683230940000	3.171895	-7.275447	-0.004796	-0.982592	-0.016031	0.003802	-0.185044	img__0_1683230973775732000.png
1683230940072	3.283919	-7.226295	-0.002251	-0.981305	-0.015285	0.004545	-0.191796	img__0_1683230973847782000.png
1683230940120	3.358631	-7.192653	-0.000315	-0.980455	-0.014951	0.004687	-0.196120	img__0_1683230973894684000.png
1683230940168	3.433376	-7.158324	0.001679	-0.979608	-0.014771	0.004794	-0.200319	img__0_1683230973942829000.png
1683230940213	3.503484	-7.125522	0.003566	-0.978813	-0.014723	0.004650	-0.204175	img__0_1683230973987592000.png
1683230940261	3.578292	-7.089875	0.005561	-0.977961	-0.014736	0.004189	-0.208223	img__0_1683230974034767000.png
1683230940306	3.648429	-7.055845	0.007480	-0.977157	-0.014788	0.003645	-0.211972	img__0_1683230974080731000.png
1683230940378	3.760607	-7.000174	0.010508	-0.975864	-0.014713	0.003081	-0.217861	img__0_1683230974152299000.png
1683230940423	3.830666	-6.964619	0.012236	-0.975053	-0.014579	0.002712	-0.221476	img__0_1683230974197081000.png
1683230940465	3.896002	-6.930919	0.013867	-0.974295	-0.014373	0.002357	-0.224803	img__0_1683230974241050000.png
1683230940522	3.984568	-6.884410	0.016293	-0.973266	-0.014051	0.001688	-0.229246	img__0_1683230974295379000.png
1683230940567	4.054380	-6.847084	0.018479	-0.972457	-0.013695	0.000998	-0.232679	img__0_1683230974340599000.png
1683230940612	4.124068	-6.809244	0.020888	-0.971651	-0.013336	0.000185	-0.236043	img__0_1683230974387544000.png
1683230940663	4.202866	-6.765761	0.023868	-0.970749	-0.012707	-0.000589	-0.239758	img__0_1683230974437398000.png
1683230940732	4.309110	-6.705996	0.028340	-0.969553	-0.011917	-0.001978	-0.244585	img__0_1683230974506345000.png
1683230940777	4.378124	-6.666480	0.031405	-0.968780	-0.011613	-0.003227	-0.247627	img__0_1683230974552930000.png
1683230940825	4.451441	-6.623892	0.034612	-0.967963	-0.011256	-0.004506	-0.250799	img__0_1683230974600256000.png
1683230940873	4.524389	-6.580876	0.037469	-0.967155	-0.010893	-0.005590	-0.253892	img__0_1683230974648049000.png
1683230940924	4.601432	-6.534735	0.040118	-0.966261	-0.011145	-0.008611	-0.257180	img__0_1683230974698019000.png
1683230940969	4.668909	-6.493674	0.042127	-0.965444	-0.011154	-0.011605	-0.260113	img__0_1683230974742972000.png
1683230941035	4.766788	-6.432934	0.044887	-0.964224	-0.010318	-0.015776	-0.264419	img__0_1683230974809715000.png
1683230941086	4.841368	-6.385676	0.047344	-0.963300	-0.009370	-0.018381	-0.267634	img__0_1683230974860148000.png
1683230941128	4.901985	-6.346609	0.049222	-0.962562	-0.008449	-0.020237	-0.270172	img__0_1683230974903033000.png
1683230941179	4.974529	-6.299070	0.051294	-0.961679	-0.007388	-0.023090	-0.273103	img__0_1683230974954226000.png
1683230941230	5.045799	-6.251510	0.053214	-0.960780	-0.006546	-0.026739	-0.275943	img__0_1683230975005121000.png
1683230941278	5.111561	-6.206815	0.054762	-0.959902	-0.006058	-0.030374	-0.278618	img__0_1683230975052458000.png
1683230941341	5.195646	-6.148373	0.055894	-0.958741	-0.005872	-0.033581	-0.282230	img__0_1683230975116287000.png
1683230941389	5.257829	-6.104076	0.055409	-0.957840	-0.006179	-0.035055	-0.285088	img__0_1683230975164225000.png
1683230941437	5.318289	-6.059995	0.053486	-0.956954	-0.006452	-0.034842	-0.288070	img__0_1683230975211737000.png
1683230941485	5.377060	-6.016115	0.050527	-0.956153	-0.006835	-0.031502	-0.291089	img__0_1683230975260418000.png
1683230941533	5.434303	-5.972379	0.046876	-0.955474	-0.007120	-0.024067	-0.294005	img__0_1683230975308288000.png
1683230941581	5.490313	-5.928684	0.042482	-0.954796	-0.007676	-0.015886	-0.296738	img__0_1683230975355376000.png
1683230941629	5.545450	-5.884885	0.037815	-0.953902	-0.012038	-0.011086	-0.299670	img__0_1683230975404480000.png
1683230941707	5.633706	-5.812963	0.030969	-0.952024	-0.015963	-0.004748	-0.305570	img__0_1683230975481787000.png
1683230941755	5.687391	-5.767978	0.027249	-0.950662	-0.017650	-0.001705	-0.309722	img__0_1683230975529205000.png
1683230941803	5.740729	-5.722298	0.023916	-0.949179	-0.018794	0.000889	-0.314174	img__0_1683230975577302000.png
1683230941851	5.793813	-5.675838	0.020961	-0.947592	-0.019551	0.002956	-0.318870	img__0_1683230975625933000.png
1683230941893	5.840106	-5.634496	0.018650	-0.946130	-0.020020	0.004394	-0.323137	img__0_1683230975667276000.png
1683230941941	5.892892	-5.586417	0.016341	-0.944384	-0.020354	0.005494	-0.328169	img__0_1683230975715113000.png
1683230942007	5.965317	-5.518808	0.013655	-0.941869	-0.020537	0.006307	-0.335293	img__0_1683230975783112000.png
1683230942055	6.017905	-5.468533	0.012117	-0.939961	-0.020589	0.006193	-0.340603	img__0_1683230975830204000.png
1683230942100	6.067137	-5.420553	0.010995	-0.938125	-0.020438	0.006480	-0.345634	img__0_1683230975875553000.png
1683230942148	6.119581	-5.368460	0.009851	-0.936125	-0.020296	0.006621	-0.351020	img__0_1683230975922823000.png
1683230942199	6.175228	-5.312086	0.008723	-0.933952	-0.020161	0.006502	-0.356770	img__0_1683230975975455000.png
1683230942250	6.230787	-5.254663	0.007720	-0.931737	-0.019977	0.006330	-0.362528	img__0_1683230976023859000.png
1683230942295	6.279729	-5.203135	0.006868	-0.929750	-0.019859	0.006111	-0.367604	img__0_1683230976070803000.png
1683230942361	6.351348	-5.126111	0.005600	-0.926787	-0.019730	0.005606	-0.375027	img__0_1683230976135219000.png
1683230942406	6.400047	-5.072624	0.004812	-0.924739	-0.019595	0.005244	-0.380061	img__0_1683230976182295000.png
1683230942454	6.451850	-5.014721	0.004090	-0.922527	-0.019549	0.004629	-0.385409	img__0_1683230976228727000.png
1683230942505	6.506703	-4.952243	0.003246	-0.920154	-0.019465	0.004331	-0.391049	img__0_1683230976278933000.png
1683230942553	6.558130	-4.892561	0.002540	-0.917898	-0.019244	0.003463	-0.396334	img__0_1683230976328050000.png
1683230942604	6.612526	-4.828247	0.002091	-0.915473	-0.019073	0.002575	-0.401919	img__0_1683230976379279000.png
1683230942652	6.663453	-4.766884	0.001692	-0.913167	-0.019003	0.002013	-0.407138	img__0_1683230976428552000.png
1683230942724	6.739277	-4.673352	0.000875	-0.909654	-0.018986	0.000738	-0.414932	img__0_1683230976499716000.png
